0.42832548237793438561
0.23567686683297051076
0.05077674568201312466
-0.82451354890340589066
-0.94669871192737375942
-0.68022906346257205890
-0.87347258831070340168
-0.69555161786058472551
-0.86700075229955808620
-0.56113257052429543759
-1.08726187496784154618
-1.10241487277784022680
-0.74546359537423623198
-0.35567472100056324313
-0.43261917910194769288
-1.25199859647638889193
-1.79774016202322095559
-1.54084779137784888547
-2.03566379218160253828
-2.51640229812655613628
-2.74394415842552774620
-2.74075122514774527360
-2.60414017322665891641
-2.76724895428272255060
-2.66327601120028356618
-2.05292945567189155653
-1.54473991624300310832
-1.64366691449827806437
-0.77497031785313497121
0.78831666884399809181
1.18585655031998471465
1.68228802023562051815
1.26538420271379115079
1.08118883291314737960
1.09296570093974731996
-0.29723049155307501579
0.95866266473134165160
0.33255925277832876219
0.01774090878560286022
0.44374416812497424756
-0.74126811406634152135
-0.45345887399905271398
-0.97603828412296123052
-0.28680382239949087086
1.17513490197022263395
1.50254517630792516769
0.44800939408503975825
-0.03491165676848489996
-0.36427405353834491075
-0.06339473582962185105
-0.66693721463295407847
-0.54911250856197924008
-0.87777095189214160431
-0.85746325708807502597
-0.61807284672654760893
0.00668614427870495298
0.20830501625701158819
-0.14298661455651040519
1.02282157215421265484
1.18392716659415953018
0.27575726447429471655
0.39260692190966051118
0.35238219604472820201
-0.19947845870604569152
-0.47605244697819015798
0.21062718364905058666
-0.82337997892097480879
-0.10071998094241974009
0.19974663513700874340
0.68372193313377160884
1.05341868361151780320
1.13236462936381165889
1.16896470131770069401
1.28653481918691481312
0.53619017872782026579
0.50780290156034946225
1.00588118075667054541
-0.03052813351644539930
0.12162839720101542573
0.32794090585221635781
-1.06104721085217135190
-1.16121232773233740154
-1.18485830150770810043
-1.66672727450110280678
-0.55709649811363526339
0.22942110976643076414
0.12307104939737961713
0.82798705428279428808
0.48480095573924619767
0.43765360602999842099
0.77319072968009527891
0.20841130321305867401
0.44965732956754944638
-0.64826405381237250936
0.15736715060536232702
-0.30384055306382418138
-0.31278686938471395029
0.06189221216453910657
-0.35351378068025757218
0.06228843706766640231
0.65269250895487829212
1.32031505709528773629
1.01142622461143338874
0.85532964666156641176
1.25757147034517213768
0.68090651216027742176
-0.30739731705160572295
0.66395233858560898099
0.23949509614123842827
0.18178006968543969357
0.05779240329647189478
-0.85741608001171309983
-1.66645797978455911803
-0.85789297072118630982
-0.37659149075699460685
-1.37429341528298842867
-0.86635441652794931144
-1.28346357461226245888
-0.87497342441928160905
-0.03769511125874364099
-0.52837465565110197652
0.06954274725613429631
0.01525605424086501349
0.05735082996885915163
0.44304235765852267859
-0.91164774676395810005
-0.67437307544721780683
-1.32538868152787259191
-1.70947875488059430893
-1.41980250176033018228
-1.47204564813153981895
-1.30971805602764534981
-1.50339754717582629873
-1.71394468085558271397
-1.94845558747111535780
-2.39743560035593583635
-2.05897355012547844666
-2.19665228375077825618
-2.83954089243874863158
-2.83530501105603960355
-2.36585712612879284222
-1.78334529827504617572
-2.05469190122312461710
-0.89371829288719117912
0.09813738176512426525
-0.16869994121077458438
-0.45786022602480841437
0.25971812976511121640
0.70221228976837024582
-0.01973199239919493087
-0.66087409023236176608
-1.05880901825558759732
-1.04671786238752151377
-1.14610994730429216482
-1.61218797630266630350
-0.68305386006042967395
-0.41444136268200371109
0.05683951455021296617
-0.54047005997992547677
-1.33304163316872004152
-1.03268224305132472196
-0.22879391872733523261
1.25544303038876670087
1.11651429469534901884
2.14086710016283632285
2.37804595841003996171
2.13470160571611700107
2.37258022691709147267
3.48493354650444198128
3.36832745180853221356
2.27654606349605570514
0.94132562677437836562
1.93252429921763324572
1.15702058917704153629
1.32803648050317457674
1.06110457846015027172
0.92618949521621252163
1.38167512225065181042
1.31904020803935861927
1.47519871940612756767
1.87682120938637364560
1.01595839719099867438
0.40377066792164501008
0.10522818290871949198
0.52791992715928703905
0.01693404001041037832
0.34736557041637866616
1.06531896235668988027
2.53271515785377232532
2.49953090795293952908
2.72286939445085351963
3.29306878838365424400
3.25804099010212411258
2.08051744246879488642
1.34230859244349853832
0.93121370297447492170
0.69855490312844281675
0.02963153460511541715
0.02840084234643769356
-0.05917365875056640467
0.27858705924758092598
0.56651265107398507404
0.56002288314514925283
0.58526604137628612801
1.13970257394933227602
1.04301294523431575811
1.25116817851139594531
0.93211363555496240529
0.97042486629002933096
0.88353244489223314861
-0.51473306632355497747
0.38608551555596504201
0.51516563515885005486
-0.16183804518628830404
-0.22022554242062686303
-0.14946109482527814016
0.06455301892224313276
-0.28581585934656539294
0.48575653554208364504
1.71358625158368882424
0.86383494262762117177
1.24019978369595440526
0.05738978626084945134
-0.58174680340185180860
-0.37234047934056319074
-0.69399068816285169881
-1.23822211229159639956
-1.58872821349125792345
-0.73563814779540503963
-1.33512197403941490492
-0.59051305572060630578
-0.84734524104155006796
-1.18066711802066715009
-1.02892658302044859298
-0.44682512243596195223
0.29486716179869426613
1.25449967116792615585
0.84184272184122421745
1.01448737784032072540
0.68803312871047861421
0.44978794429906965302
0.25918258203155430941
-0.27186080546670687852
0.24641549016647701364
0.78993127671532792355
1.65858149489321737846
1.55727497141681303638
1.71963379588892317784
1.66191235494888900348
0.45393582710713820116
0.64676112502196780873
1.32115044063941988739
1.36211612604656950865
0.86034597217121389079
0.88767398190110591294
0.75009383435831067377
0.22045857842101601598
-0.02496136004336291236
-0.50811498170165159127
0.14143258991717899686
-0.42322070334256700619
-0.29518047827071586253
-0.59072163193054616492
-0.93790461795307034087
-0.87134370667456861881
-1.93537980408192655801
-1.73067854867814086006
-0.88255966239728078637
0.04733272783799613581
-1.00904402113940827590
-0.88497142185688604243
-0.46910272793336937891
-1.28946359958009049151
-1.42923822413628842654
-1.90777727351886072782
-2.30554343657826210645
-1.33075380689965228065
-0.79688940141205133472
-0.85221229486736049807
-0.48936999449011342467
1.16754522135832639052
0.59718911074902392144
0.66036866729164933609
0.95402753281128982454
-0.11646830063148755352
-0.69270878526973911349
-0.15429916822086020556
-0.53924827605450875723
-1.64768225054614303460
-1.03454053636386067438
-0.83360144395083224378
0.09908815687479843870
-0.81893806849556882721
-0.05723123464604429333
1.31986193466925150197
1.97050269528781152317
1.57942868190790886018
1.71533992081663511087
1.14507124416766226105
1.55811883907677506400
2.16559509032666408501
1.73028857364798316354
0.72212801814178328996
-0.06198499820287622919
-0.09106322452009857349
0.16392910395000492851
-0.39476330945955806495
-0.02393611009416052315
0.09664500974893730501
0.18684810152596165178
-0.49678577971495102572
0.32523020814416403468
-0.08456118082840113903
-0.40023481934342353128
0.05674390800145578950
0.00672566006273239703
-0.24640138528607902213
-0.23706011322190090329
0.86169661295679211843
0.83230488041057437698
1.27049628215399357245
0.89783399104971128857
0.70819279677616076007
0.64192239574246201528
0.33492858164707595137
0.91227505002742403928
1.14357427886853635357
0.06430421400084335160
0.01095675165343856783
-0.72251836057869667229
-1.07880285991300062243
-0.95591200327310388296
-1.04718014693222061240
-1.34109894760935555169
0.00261069159145010943
-0.75564954628034031181
-0.19192673740532589788
0.43119701949469579905
0.54231735716681761517
0.68400821307860659726
0.15014766675892610159
1.27418560477634157380
1.78866567615823068849
1.61574501409928439344
1.83936221354611229017
1.05401543763187421909
0.98766866279191645184
1.00076546683011691208
0.71711202511429272821
0.51936850185476490793
-0.12997874740044679243
-0.19085016529581205758
0.07176338092971606963
-0.29901260966389231477
-0.57117224278448852637
0.51309141051633688768
-0.24860636389283879977
-0.35496939060044091496
0.53719405808355258358
0.59666838082329642923
1.02888572706323255801
0.32147608246722880754
0.30212623011419714736
1.17083488319573580938
1.31284243418501689327
0.57720866779666701873
0.16587175832403344700
0.38806299813467121096
-0.16061555485269873866
0.15581667151107198022
0.57799216084088667067
0.86381554178139807743
0.02561931103729497838
-0.42496291986897838378
-0.61353544942733739820
-0.70395134096217981678
-0.24208290653400366121
0.22351043774909717943
-0.32184579098683224752
-0.30273455837868934459
0.76363339846191524707
1.28275472451129601836
1.15743945825725669252
0.32940375447711051082
1.35510297857928119214
1.74464501149237261046
0.28400893173367075528
-0.09152164267912704654
-1.14999211120884625714
-0.84262390893075000964
0.54264955457423191820
0.88395168580298710825
1.70893516494377162296
1.91824268592439617365
1.11141183232488582888
0.24389202368626849982
0.31091906284490489210
-0.30577578549542344666
0.69759679082669090455
1.00580145023101952262
1.36153424385075116909
0.93973840560751820128
-0.04943327794290830468
-0.65210412589465538424
-1.19276520758530435451
-0.75332385150404879148
-1.22601725893375390619
-1.15184417932845906130
-0.12434976716728474155
-0.27264515532769573181
-0.02791194945010988526
0.23601887712069663516
-0.02510467056422782672
-0.45642619694416775022
-1.04404692609982951979
-0.56629048407370774498
-0.65919010302014235947
-0.10519568161349596158
-1.18666832087872053947
-0.98699810425145528825
-1.00369022041731126293
-2.14117468504289920617
-1.87124814436363484660
-2.04175826839253282685
-1.10647797962021066098
-0.66655913492038876278
-0.01427576062934343692
-0.41630624254062209566
-1.33646735750905665263
-1.14373592736373552725
-0.82232009052407095684
-0.73512381559010864240
-0.96573194301022891040
-0.68374315960507170420
-1.20966823152716762557
-1.20070177186313276074
-1.13109232281851346258
-1.52451701533259820209
-0.82357757157812838678
-0.39937614644848690171
-0.11923651356214626240
-0.19281225450933681120
-0.36437988903577578359
-0.36238592367730526611
-1.12284054915553133114
-0.95255473253901945530
-1.30979853719929306699
-1.06022978693257696747
-1.40176644334651978596
-0.27527346358414583882
-0.38695719763029390315
-0.30054213819119396378
-1.05970696339370218375
-1.12568637687977846085
-0.83710780219971703264
-0.17449948874977538882
-0.29661794393166007744
0.08119462317842607302
0.05103224471725020805
-0.43329847065419968555
-0.43034384629239663678
-1.18385926945314867709
-0.72201075764466726703
-0.65192667052705299824
-1.25404367258495019755
-1.32592486931287090179
-1.15606647224913761107
-0.72165163919406660753
-1.11884247936254599409
-0.76665169874516048143
-1.52184609115209834584
-1.90962508316600132474
-1.85786283149284559002
-0.98636381956113805547
-0.14126582939236820291
0.31303235064867390713
0.36578351951473425663
0.71357958540952626247
-0.01285824296663556909
-0.76884253242464972722
0.32165129916819201750
0.16735874380327564470
-0.23236970893683511763
-0.94995642637366417560
0.52764547291567642784
0.61626839759585672063
0.54689174496889503274
0.17458344235763889607
1.31339327446808562527
1.87159453931804331539
1.95190066073643819777
1.98181579191322021494
0.48319752606711946497
-1.07619600048111774271
-0.25055664649725006843
0.38809912367169502323
0.06429222368834891510
0.07653921590025281052
-0.07946813063671476218
0.67539099635341504069
0.72872697269950170718
0.94385424859069733117
1.20744612799372630363
0.37598953786119154730
-0.04528831529677485035
0.26638083684555119435
0.76256576728195057946
1.93413661068032194379
0.72902015258046670709
0.28155362782140763711
1.12772844225527979489
0.99856173479862464504
0.12741598865362502302
0.38115533715167670969
1.50089334812988095536
1.07455712024800220661
-0.10162515337654759451
0.13140578969912741769
0.03753939412419532440
0.36648464150097304071
0.01933120471394078610
0.98045674780404834525
0.35520332579277474894
-0.22643022994810402260
-0.52671369143143142999
-0.73792092583045543197
-0.44791431932147462991
-0.71398305879625767467
-1.30609902241551401048
-0.33523530435526671667
-0.07582038737639024140
0.54185697531413912209
-0.06221533849007393480
0.64867691842311692163
0.55637124718929076295
0.67857342850350299557
0.55618374727488506526
0.51843983657585290814
1.44065132454999167422
1.72581254002908712764
1.44989020887291442108
0.22419080148646064465
0.33608813669350262598
-0.88334081456220858719
0.44443762858604801691
0.68029486233382152616
0.26257537457280477611
-0.34180498907426698496
0.66894542177624227719
0.75906023418486967547
0.83995096447875239321
0.46870858383770430677
-0.23361118800640695570
0.95418583622862795934
1.62825483019848027411
1.42171260291790146901
0.25367412937510386284
0.85469521738341680539
1.21354793906842628459
1.10659976634504175763
0.43656526270162476777
0.79519977597296143124
0.63500451652100431410
-0.65394506098420690510
-0.26008445967924143094
0.16287272500939248276
-0.29630327005698586795
-0.35961900970880922301
0.08929786043674492468
0.74079563945568804861
-0.11274282197130142125
0.18515548561008343675
-0.13101969688712694628
-1.30711268508206823746
-1.55547191158657627241
-1.03022847768395697798
-0.09670904469523156077
-0.74532593262629942554
-0.53750671867165189521
-0.04395616382544764722
-0.48744715144273320639
0.68713360917155230645
0.52586591291514384050
0.77394304739960517736
0.01070465217842841987
0.19894663346882196509
-0.55760232129022679892
-0.32997512716333232685
-0.81582920244700796175
-1.14230183635014292953
-0.73114708891657609335
-1.78888321681361883719
-1.17310303667239135272
-0.48394604003240715429
-0.29739475753037092343
0.14756038698719747826
0.16125900748244348382
0.42636349630838321634
0.39659985988242429933
0.17085332012309256688
