-1.45539862148249787843
-1.51294535701766252878
-1.06860107349632693641
-0.67596928713655868304
-0.34909480151212868293
-0.46069969304870206361
-0.90543734114870644270
-0.74732368008574978635
-0.46371126499200165938
-0.40405661771263168269
0.00498351012588316156
0.05211140869748986937
0.52803294408508860691
0.52803294408508860691
0.13621233363459139820
0.47777569665469643567
0.75570314599000676381
0.58332613626649565397
0.52056664858039458643
0.76109819126366229369
1.15431585309761985947
1.15431585309761985947
1.29260616646734960433
1.36876936274057370291
1.31921096417084537933
1.05650331222289084465
0.97938138036028232758
0.78479162733293361676
0.76342088415446407446
0.65600377444922775005
0.58467829324522579970
0.81508641867669273662
0.83324929901084043848
0.83324929901084043848
0.61153519042373094550
0.33105358007878382676
0.62938547443103920465
0.24936904048051794502
0.21986955787048806377
0.21986955787048806377
0.55183416421144615427
0.33225801230047424806
0.71249554269597348277
0.86613781976799064655
0.82741422081711113456
0.82741422081711113456
0.60778564103309939970
0.20433852854386513886
0.43845320187436709336
0.69239089460688829636
0.69239089460688829636
0.37629501166580625604
0.86570371751007479943
1.29548964989161241590
0.79552409578837313120
0.67637543737719219017
1.06050358878471717716
0.64734531456946298178
0.39445459930898957301
0.01768706693205968072
0.30439623668994231220
0.40273284232370809566
0.64772430115738743872
1.01333919121573301503
1.23365527192766233355
1.22516196836957469429
1.31817063308235438157
1.31817063308235438157
1.31817063308235438157
0.86049722547665719041
0.98690566117265199342
1.29823765591635864602
0.88269077957732777762
0.65759304708688803842
0.79625077000644239877
0.33619886419558525636
0.30324149960802621040
0.29568898179367286705
0.12886317429545168789
0.32000340024009188422
0.79761835480928955366
0.76625653904222401636
1.12431427446394582859
0.77735526290598722099
0.49240265087801771138
0.49240265087801771138
0.61094816662880657709
0.46294057646902919689
0.48913546627812487522
0.02369651409037859535
-0.45127407389286949835
-0.36105456848678246784
-0.14826072666247730458
0.05584541501283574183
-0.00342522561709962536
-0.40396691900863024305
-0.32607362993344690683
0.16289430282213135381
0.60794061450657144174
0.38124787103442520086
0.21862437353405050899
-0.27982610360711490660
-0.06180850279602012609
0.09711215440049081327
0.57754876491499218538
0.48661386826383273840
0.48661386826383273840
0.48415193822427887715
0.06610353363961757323
0.09285625586884532767
0.18974683465889657930
0.63077210384922355324
0.32507962399398582232
0.43581451635612544759
0.00781663856832781612
-0.19273583087732193420
0.28130274907746177782
0.14660339157404234101
0.30114237815194566661
0.73741104953801461797
0.95511405423987072449
1.09555567293220623704
0.94017405549072075033
1.40665259557154298520
1.24627649586008382165
1.24627649586008382165
0.86571878700783100324
0.47701713348599628084
0.79728653691582362928
0.75039017957187414964
0.85646556683651109410
0.65811571719036843220
0.21166394381395398083
-0.01616590866640810198
0.17500618387712130186
0.01806899323969241022
0.07184158594898631955
0.46641053490638900714
0.08789465114841599203
-0.08714439607558366330
-0.23286564565863110410
-0.33524315004947130570
-0.67075506256463102162
-0.38328420970742183016
-0.65233012877979179578
-0.27530111222309439079
0.21782455650056598007
0.13496799144659238356
0.48059795074192385167
0.73535905882499741359
1.13311145973070726001
1.57878860881495342028
1.16011695338418219237
1.01003292133567179611
1.21132650701856192654
1.37524698482604668115
1.82433579202011619813
1.85362916968465851753
1.92409298518862836858
1.52242737031654451485
1.52242737031654451485
1.66087473447474986976
1.31491730213859581156
1.31491730213859581156
1.55982168370849194616
1.59629626204086871866
1.54601957534719813836
1.14020135050648541153
0.96259917456777377431
1.19646329418591035321
0.81543795848983835484
0.39470170433385964870
0.35402927471046424790
0.03566963995604882642
0.46099099398636428360
0.79220027583287699890
0.54753842742533009869
0.08066290038668344486
0.10591034502997198619
0.01496359124544827113
0.01496359124544827113
0.42777219993423892808
0.35545175143305413057
0.81838888154289746169
0.76947700850175193565
1.04324579380603421619
0.63783163956265154226
0.77595790185777024917
0.73754755651463765886
0.82125235806277252504
0.42099373597697647975
0.79056482379816350736
0.79056482379816350736
1.05502507302678072421
1.08798339594526938257
1.26795339526978567690
0.88699471479607128188
1.33400066747981727033
1.33400066747981727033
1.13079891359936035578
1.23754324472394561241
1.35846315434130637811
1.78206271691343509644
1.53730630992785943789
1.11611910891538057555
1.38821933436589839417
1.14208181185744406250
1.17571551919714889500
1.22008239278573271669
1.26833377232231470089
1.23994122386906902022
1.33238690129126347017
1.65338688770000752370
1.29075652933248696819
1.24015124130069409603
1.21177733652841723710
1.21651225570426513301
1.47398147567826010018
1.32557365197016174818
1.63909735048147342518
1.63909735048147342518
1.74805650312828286808
1.47535173943049446876
1.21930863089826901913
1.15999544698744405657
1.15999544698744405657
0.68042509592157629505
0.68336813416488451089
1.16425274715956494909
0.92645135937558609207
0.50093192653773499501
0.48735029412775371371
0.81372100641658162701
0.32127097450255515110
0.07787137458932702483
0.18623923844947964934
0.09293682854293289219
-0.19327787831113052430
-0.33335800228331552431
-0.42770306646251671223
-0.67775261131011022009
-0.46485165202285194663
-0.26877642691544512132
-0.65696668748603004317
-0.30081001054533718087
-0.30081001054533718087
-0.69297695145615656465
-0.68312422101531800056
-0.34557910372763323004
-0.73341244423455631551
-0.89493607911045902625
-0.89493607911045902625
-0.45707453925026753083
-0.57790775810271366453
-0.20397315533085846884
-0.60558504825718451059
-0.60558504825718451059
-0.71131988671204515740
-1.18418682375186889999
-1.27168780228667777088
-0.89160454920102572007
-0.57767756566297601140
-0.96428185234046148722
-0.54216176878762034619
-0.20097935628191987423
-0.65589300876292522258
-0.40107174236377762799
0.02376099001790932252
0.18744688070725523676
0.67791110192327830308
0.26673233195521062200
0.42823788240935101168
0.82837927659431920269
0.82837927659431920269
0.89022488956815337691
1.20078908614850576875
1.49685066426025747965
1.42669584156325379709
1.87496673566054417037
1.87496673566054417037
1.76121873956229957336
2.23033082332942678150
1.88330876495842769458
1.88330876495842769458
1.58125309370516031748
1.43553741855338579114
1.84861004368802550601
1.76366079121998087231
1.33522137759030412596
1.57570985358939519294
1.63090836728499199992
1.20624343175731296718
0.88178728352383584088
0.64250466629978952859
0.99965016939660544804
1.41291822139774847500
0.93951819485030529933
0.82398897121845715574
1.10031392173855779859
1.10031392173855779859
0.64276107058057174726
0.40379590816040827894
0.27011185477958177259
0.53884564714452076739
0.99380635237032410867
0.56508908470397800627
0.12536402471612889675
0.48678333497921649764
0.63858137402616987899
0.49821491166865700118
0.24146710859679504368
0.49380815680781314780
0.14908988082272950360
0.09851996628498216335
-0.04644135713877661775
0.35943459666307320255
0.65563250084203805734
0.50863809977128571216
0.85163447626476407315
0.95202485958673777056
1.08298651877929330567
0.89110281802299140530
1.20939373095025537452
1.63644912239929674058
1.42812142401380115508
1.42812142401380115508
1.48771194181763721787
1.48771194181763721787
1.85589730779448913722
2.00237622368259682304
2.20225480999902156753
2.32296467797037031744
2.32296467797037031744
2.48155501833257563504
2.07700987652735857836
1.93722899394911740600
1.93722899394911740600
1.85488211054116192145
2.19275313671340477129
1.91178684002336995995
2.04318427622466192162
2.20765210255405142092
2.20765210255405142092
2.20765210255405142092
2.43110335172670666282
1.95195249768530221246
1.55664647769026376345
1.55664647769026376345
1.67192095852080391261
1.55814263529988661361
1.55814263529988661361
1.49528849171254774042
1.41006470211318513108
1.42664068188827108941
1.12614816200274026059
1.00833872589670603404
1.44201460547838644644
0.96390747486795258503
0.97981035941271210632
1.14055108029420626536
1.12064325535699493841
1.28332722409782884476
1.10647610440220112160
1.01522189961523445767
0.67530885835890674951
0.67530885835890674951
0.71671712408620336099
0.71671712408620336099
1.15781465319814458326
0.86664636543329720553
0.38352760411031516785
0.38352760411031516785
0.38352760411031516785
0.69720033937934422497
1.11835619812754361035
1.01129388181086898868
0.66729720387015911687
1.15333139274889751036
1.29104333850137664719
1.20861890246561287654
0.89836635808383946689
1.19322961088885604042
0.84625643112056325723
1.03359662905968185953
1.03359662905968185953
0.76832598716407907169
0.75552017346746835891
1.06378891461704894184
0.76343099179837059509
0.54188939395448254555
0.13824432559229260509
0.16029029486714030384
0.38730803313073691729
0.61881848965716090838
1.02167863190251884120
0.68420722041474602015
0.40002150456421692315
0.72378482377332475917
0.74073549324680454387
0.70370094650596970443
0.61097637336280574694
0.32646904947537036534
0.73040314401983974513
0.24974760843894411311
0.39545050118837604680
0.11982460791236543285
0.58902356125834165468
0.58902356125834165468
0.34352379541076499825
-0.09552982989490887977
0.27948272520651773476
0.02945069853656101522
-0.28968249740530316316
-0.33001455423888892415
-0.24517974501717287872
-0.24517974501717287872
-0.12485153722803110643
0.26172831154508502394
0.05658093120743162840
0.18441940433551123890
-0.11185341543139054599
0.07075992136763004092
0.16939257721853623329
0.53853540147586098641
0.44149135050432869454
-0.04801538402588306775
-0.39445122186767872519
-0.52565587941820957063
-0.69146334761356575971
-0.69146334761356575971
-0.44036666557210291106
-0.02922908846719096676
-0.17029091910007398969
0.22539627213281920870
0.42903801073740654992
0.52338431217864866962
0.39912255546036806697
-0.02058239305419445886
-0.02058239305419445886
0.30692139608176066679
0.30692139608176066679
0.44183490143242559745
0.04029319530366176627
-0.09218460116171917074
0.23998753225429841907
0.09166569849087696786
0.07928330874036726428
0.53397701309712974904
0.09451018138532579771
0.09485675003139665273
-0.03123669141495860613
0.14030713431551039561
0.01195964171176344681
0.23597534267975317501
0.43725209563842193372
0.61983865691340989112
0.50935520162309821934
0.62325026659445914579
0.44445918008892359996
0.86508484434572807675
0.74627275613428289969
0.74627275613428289969
0.78139232950349513107
0.99675363162380881121
1.03847809160988280297
0.89830573969441318560
0.70870648008244929716
0.87398230045753222406
1.15719265148843808433
0.66488745886128319817
0.66488745886128319817
0.23017839003827855748
-0.26204017561955811333
0.05626221818674964625
0.21686548237542452311
0.19923687712253435045
-0.28953123525229296220
0.12106546322864308873
0.53143028474013376261
0.17343448692626572960
0.51510035736257742123
0.38282065693419969898
0.41602398101986154400
0.75014383962849850995
0.67243147998695373957
0.97333225816177348921
1.00542829232542740847
1.19885449889062223328
1.24423220392513234067
1.61310002026757737248
1.36375667777086961863
1.11152882297128430267
1.18178928977892749863
1.49002929590177735086
1.49002929590177735086
1.49002929590177735086
1.44210535448142151971
1.44210535448142151971
1.27553634195380238836
1.07722939880435353288
1.03122324660942599195
0.65004052578007387453
0.65004052578007387453
0.67600787578895615848
0.49997996143064021846
0.72012417959986008142
0.72012417959986008142
1.05664146833896266386
0.68292667445862531572
0.68292667445862531572
0.77792817716389828231
0.81453293995676723238
0.34464250753849418052
-0.12300054944260513379
0.30384271932013012796
-0.07689809779492567943
-0.14025426290010284402
-0.27332726529489126399
-0.27332726529489126399
0.14626536245749133247
-0.06600512450841011791
0.38291565253534631807
0.49056886136092203721
0.34070759422178281683
0.27090295440093298263
0.41545341881711211895
0.79222698243903799664
0.36450140614271708817
0.36032071935958742692
0.13074440515168694876
0.06942577220937984350
0.37292546982547070122
0.50068480102376777818
0.28143938131696988325
-0.15523957677895638962
-0.60286826435610563202
-0.26278421085457970285
-0.37792976590708809992
-0.09119961112328317521
-0.40952393385094304490
-0.02743189201105472597
-0.28530951462933767937
-0.77792814619743178017
-0.61217941046328716581
-0.69315124265531125047
-0.26728797902692935651
-0.44143268835798021854
-0.20839795200545696563
0.19139170399465688099
0.32308560485163506648
0.03722212907728383868
-0.14861661808035631083
0.03674068420041864957
0.03869852378903371193
-0.02729260014710122029
0.16172037141477257904
0.17158002996424692732
-0.25345344760150795294
-0.50792129803818231171
-0.98747958987368700257
-0.81059191017905318777
-0.78832205794208287664
-0.61265412537039420915
-0.15629653313956504146
-0.38720262837000757328
-0.34863434282534006003
-0.57651763738902617185
-0.53906663066664528561
-0.48732139402410523665
-0.48732139402410523665
-0.26427903085215420642
-0.46242400117331816656
-0.91271421681750741772
-0.66257116858036291251
-0.66257116858036291251
-0.20276891635860250229
0.01412081183591440414
0.31128827217560195439
0.54866496475816484146
1.01668021316485024386
0.85825675742619056408
0.84795778377351715971
0.70727085564623637381
0.77843811259531803248
0.34499899151036012013
0.74181141226636326813
0.36111456940933361892
-0.11638016771357029278
-0.04089116516565005632
-0.07663628928207133484
-0.03340322223185221429
-0.04595291942635659765
0.36017631267205196810
0.51285676775167099439
0.05099958207038696179
0.20097610363781753806
-0.17174465985584735916
0.32166794842186302583
-0.01150247105933360769
-0.11385185416502019429
-0.04854326813880027736
-0.52554956708362299267
-0.53241907946412869723
-0.17879439433049615360
0.13935288071601781290
0.40099818371282336393
0.64293487236971258447
0.76443800924552041121
0.79815137726168206012
0.58972322130096754833
0.58972322130096754833
1.04129876221590134122
0.62252467573737457762
0.63127551559883410270
0.64084352908694797168
0.62228948302673137150
0.32315397650149824127
0.58264231918502229490
0.63258093857791775072
0.89519541030525473513
1.32618799820830002290
1.55565423427878135598
1.82900961433956377178
1.65000481025781242650
1.77515777515952843935
1.77515777515952843935
1.82927318118943982306
1.87146397208397008427
2.14695259167204755002
2.53034940526370899505
2.53034940526370899505
2.39028263692291131903
2.75956505944931684837
2.75956505944931684837
2.75956505944931684837
2.75956505944931684837
2.39864186658460321055
2.23509833134482116535
2.23509833134482116535
1.95459926568651121137
1.72461796678817314010
1.23754573461484929098
1.23754573461484929098
1.19702116083214615827
1.30308134984368084730
1.30308134984368084730
1.51079635671842238409
1.73240721283126530849
1.70123360571508497330
2.19745207610421022792
1.88608252624332606295
2.25097070902165086181
2.05126928540471009654
1.79140872940951934034
2.15020503809219043490
2.31114166733395887121
2.36920791043396983255
2.36920791043396983255
2.09819086622362105388
1.78959839874393744630
2.04489518028911465564
1.94334160068227546070
1.97362553862557565942
1.51363475504965760976
1.70750544881797194918
1.40797677329181092354
1.72772986545586970664
1.43793826617204056895
1.20464242049708625260
0.99273520940575998850
0.99273520940575998850
0.74705068126648699334
0.86994449648537419684
0.86994449648537419684
0.98963362653256570223
1.17655354280795143573
1.00388723821559811000
1.00388723821559811000
0.70931085092448686868
0.70931085092448686868
1.12354545370840286367
1.12354545370840286367
0.74610424914681117148
1.10014361217624245803
1.04249530706670423541
1.05725871983787489405
0.64842028899509984718
0.96881467265486975737
0.96881467265486975737
1.03474682850518151511
1.45664283212117551258
1.92766134623794460623
1.76587975410086617245
1.37272708600979220783
1.37272708600979220783
1.31566341259314434353
0.83643799686638142799
0.67168342330105357263
0.38841904950719807754
0.42101537944795874857
0.25243231991884468313
-0.23614044149226931513
0.08029818538589850174
-0.28306792060987862047
-0.17580487168199077086
-0.28699016980221436768
0.16842795171235658280
0.44681670281421770330
0.11566613154283611475
0.45294468149213873431
0.80175606058991866210
0.75888635090500011771
0.76383300347431770660
0.27675234655698005559
0.75841285230517585525
0.63918245217724423135
0.73205786744693734924
0.96771382282846862832
0.69173228307241751978
0.39382842410999352456
0.46868432335028231694
0.32912488460033967330
0.77986894351423741156
1.10377949364658967113
0.62784488854363407206
0.62784488854363407206
1.06924886469228219710
1.31171160205812342703
1.03668365419687491524
0.70471656169030272299
0.50561431516222943294
0.52532431833693582490
0.96632366462904750737
0.76941087551852815896
0.39706668299485858853
0.89336599870275601454
0.48946019354716496785
0.22224592101864404370
0.21781510986285601561
-0.11575314966764371771
0.10213222708651981119
-0.00535641517739959827
0.06913770668633723027
-0.32522231215854668918
0.06513386339187876573
-0.42876740565000837080
-0.10629200963596829865
-0.52126491187199630595
-0.24009021918293949049
0.18840232919361166175
0.18840232919361166175
0.18840232919361166175
-0.03006593069530755225
-0.49383582244340523681
-0.09301161095174953486
-0.29627609825520045961
-0.45171646305905871488
-0.45171646305905871488
-0.12749549752450722861
0.09102443353785955038
0.24833624402448911672
0.65416731366615699095
0.40459470981945583334
0.14785665769495459632
0.02682913328838576472
0.46726172229612872311
0.06380808123564341017
-0.17452992763115937613
-0.27862719785358541769
-0.62344816938203595491
-0.62289422034421126906
-0.20745769129482383164
-0.56629627969409557231
-0.30212893840025056846
-0.22505454729546936488
-0.04509503000653514171
-0.33778909562984371640
-0.12361568800342470631
-0.04696693413284402929
-0.05763151476049804822
-0.42844166393785287905
-0.70055029829990067558
-0.21900749496138471883
-0.11519318568296810223
0.17225227093894213137
0.34642474485860030864
0.05733262377666503706
-0.30955438679529490020
-0.02650991455955353793
-0.20905824737114209189
-0.20905824737114209189
-0.11455318290487004340
-0.03135141196258350860
-0.48634454444346614244
-0.72023071778017977440
-1.10475896350330082818
-0.64064866869740977329
-0.51960878144931843536
-0.18669230476333786850
-0.36359367443416357180
0.12025385984231051761
0.52861519834427495024
0.61549530463083057530
0.66232000787850098256
0.66232000787850098256
0.89236344927565913743
1.25405100418908665993
1.66004680244253899346
1.66004680244253899346
1.66004680244253899346
1.64539175464091069756
1.44003623534926594729
1.00361095927823473772
0.89871930302992053541
0.53925786704721390130
0.55611100097005394804
0.77158907883408534012
0.59073058985673010390
0.55741938974587768030
0.72970215195310017542
0.95994473665949719976
1.18411045553353710957
1.41098516407002527728
0.94780462861424119581
1.02896881058298061973
0.78841129890103012201
0.65018221812796472836
0.66614659836801592974
0.63591793535086749145
0.45775477912172019002
0.58703447719431745000
0.82173047648822961087
0.58563492614106560374
0.73275088622828110640
1.15255461128081471145
0.78859131843251295546
0.78859131843251295546
0.53056776687994555708
0.52093170956751477796
0.82963302863278631794
1.24998825637157073842
0.88802551472932900190
1.01025629113905512924
1.21772808126067744183
1.28280244385022412779
1.48511445777728523510
1.85311306936345299157
1.89222490596222536752
1.88307042949975578239
2.24556673981508181370
2.24556673981508181370
1.80626229676709249006
2.16499773979419352088
2.34094881678043886808
2.42241673517153044415
2.34304424507684805334
2.39584044758036363021
2.67978974021029703323
2.39245614660552119446
2.15948523798001756901
2.15948523798001756901
2.15948523798001756901
2.06583435650254854110
2.08646574457476674525
2.28390020704078056113
2.09174409675958328236
1.97340481168282932956
1.90381723521454615522
2.07502868775046378502
2.16452423094982027152
2.25554012658797686797
2.51004264317920089411
2.57883046408128935312
2.39766954067054172128
1.92754243171193273554
1.98673742799401620296
2.04194670125932287164
2.04194670125932287164
1.58444319296834690292
1.58444319296834690292
1.92753321301542390742
2.37052514770557909429
2.40566151747743228739
2.37080840993244157389
2.35057626774095318467
2.30960346004441108292
1.87436894787212815494
1.58896479852914596087
1.84094631664498553647
1.75595385220644262247
1.37525694741646176134
1.20771396379345308247
1.21320632156599161888
1.34927708182915462309
1.58102735484997625193
1.36894715850657666678
1.53036787478735591961
1.82995890235991653938
1.93427499799722113494
1.83717990542630205120
1.65656026017691493379
1.31142796613807699480
0.88688977429963644639
0.40458892514211081126
0.80748740947222219511
0.91678514490685203420
0.82369436315432398299
0.82369436315432398299
0.53723706493025047415
0.49762749089748486986
0.82523599189018193023
0.84536925928916761830
1.32459122725975775303
1.51017752965454388203
1.59463974372233741050
1.59463974372233741050
1.59463974372233741050
1.38262815465341271093
1.07458143382080462125
1.42790987781616873775
1.66630412599364974291
1.28335746856562238349
1.18773839887591492470
0.74544344132087836385
0.39199543925560353941
0.39199543925560353941
0.15840113682597484202
0.12159085256121182628
0.02466502088338856646
0.02466502088338856646
-0.23806775162838272886
0.15331119911433271907
-0.02741133399653289393
-0.31383567969959474953
-0.32878075671791578971
-0.22269824669822485541
-0.19316796990725099148
-0.32441533278879941538
-0.28751218960970725824
-0.23567735088788299702
0.20887579708772996412
0.36649143712896936620
0.06489275608439143417
0.02147926670567579244
-0.20893935938782481898
-0.11992749018591697396
0.16261249345848471926
0.35715163189784715492
0.51690981258493851058
0.62995800964066217542
1.10497690020360384011
0.97323917456587283326
0.97323917456587283326
0.91169954808973230342
0.57517213913386799895
0.23779698216253297716
-0.15685636045265294314
-0.33787177635258131003
0.10317406249379940109
0.50839752657729553320
0.06972086013746953137
0.28719667428507783535
0.76182282704944381813
1.20750359525321693255
1.02763333964516578867
1.30683077629973221079
1.58469044770332079253
1.58469044770332079253
1.96916506973521565627
1.66846100178940748293
1.39691438800511180673
1.05288733963522962434
0.73504859732232952219
0.87259661772874519414
0.62312524818029058071
0.45695955700099005758
-0.00603362662067780109
-0.35031834493872143765
-0.38699327031476554728
-0.24097596818627115001
-0.08085095397236780057
-0.50224750093289505237
-0.42957305206432117028
-0.77146213723880774360
-1.15500270885183109471
-1.14990642534099318794
-0.93057880337843112972
-0.75186594470957068825
-1.11583917430408696703
-1.59114319812094451301
-1.23211083548707911461
-1.03370346968700799195
-1.12386306171485816918
-0.71619091355996233883
-0.26067221665786666218
-0.10405191504585631357
0.37485227308927226986
-0.07151933157422063481
0.04200567749421857400
-0.44926661553293295581
-0.38012045802554589313
-0.80522320596744911825
-0.80522320596744911825
-1.11526054731349955063
-1.54538955797692745264
-1.34791416108977246680
-1.27472524078317706042
-0.94978270933488051497
-1.19977730009694938396
-0.84358248968775984000
-1.05727836073249981119
-0.73611054440779655206
-0.73611054440779655206
-0.41932359077936687264
-0.41932359077936687264
-0.32777527851415133586
-0.48843662789484815212
-0.04428116955994237935
-0.12422549404401145301
0.20092637729873691343
0.04970312912468455302
-0.03146685405237475974
0.38704317639909341375
0.79203817634472040154
0.79203817634472040154
0.66607772170848544846
0.44008264315317946469
0.46798231567627368577
0.03798588856029105898
-0.07840644897819359915
-0.07840644897819359915
0.23381432505967270075
0.37541586457537734489
-0.10081232367121750748
0.28968202569041001659
0.34126590510888732410
0.21281685643494413496
-0.12594637071059883171
-0.41175992666360489158
-0.45318350566234172350
-0.12576192297310223589
-0.17249689608463436574
-0.17249689608463436574
-0.04902660429898519912
-0.22317527920156060572
-0.46880928309113711894
0.01342464634841966653
-0.48098280629189371638
-0.15801980423649319984
0.02747287881908122564
0.40576092195964907905
0.85848937409859105152
0.56597983234839954747
0.60587980766122673248
0.28607680452338724031
0.39832737827595188218
0.72941974142073162657
0.33846482510606501481
-0.11485487484134043745
0.34188771729444961123
0.58148104701259661908
0.95006528354718100537
0.72776064147602304022
0.57342336819200445674
0.97696451213068979946
0.97696451213068979946
0.74519648391063597614
0.27686466405953003012
0.65767405119615762743
1.05507338398837613447
1.12511793576418761553
0.69374289884871442879
0.76890840603453003421
0.52896101122207483947
0.93914643392857888315
0.93914643392857888315
0.86705021903246604076
0.73865622968349842203
0.97579468250078316149
1.28205218551775490532
1.53047633265632443411
1.45298511509456385049
1.34020249072471231422
1.33258103920732162706
0.85832615679051504909
0.68735930262475664065
1.08678709044436749842
1.58371367472396373799
1.65904183087825352061
1.25548093219076761784
1.22925531898124362762
0.86454764933536620841
1.31832585149366199317
1.42560316642075446403
1.14977024432726215863
0.98136649466182879209
0.51527452516149008233
1.00452186865942172389
0.71280386355369995677
0.90195603198462448447
1.27335980523999303671
1.27335980523999303671
1.18920322842392756080
0.93462808310734946105
0.51835063869056319241
0.49503579642392031568
0.42771628565513819531
0.38689139992319110384
0.00576722855016459368
-0.41685742601606406987
-0.43687017980817710594
-0.62123604822961886462
-0.95815941968847495591
-0.52313873685111689227
-0.23663136979408616600
-0.13124563294986979489
0.01111253165225623007
-0.06014476835734894333
-0.29819888309492209588
-0.74882571597063707358
-1.23279420576654574759
-0.82962882208155419583
-1.19159300913643240172
-0.85642231831160953170
-0.92762939209474226665
-0.82767484352350462196
-0.82767484352350462196
-0.90499939485686331508
-1.18452923963057754619
-0.82857635469575685594
-0.34670737285479757972
-0.18181871119040449170
0.21472242926932538776
0.39715116349847134902
0.66495007936141481419
0.66910554639487340722
0.42696577214028508251
0.15950819717696801403
0.42916954538280144282
0.58197722611109159452
1.06223637869685294532
0.66947082507864652534
0.33782173406230875390
0.62419277970873920935
1.01179880626117335574
0.90759739228877633899
0.51125994371774186043
0.50496209762289800960
0.15928070603835942087
-0.18202857635078839582
0.22590421267128324434
0.43185216255106173566
0.00201919698250019319
0.06370825044051708907
-0.43008825878151563105
-0.43008825878151563105
-0.46282929576134229643
-0.67458986825058175896
-0.49916287022604222123
-0.97473193401225877164
-0.75779753073947797581
-0.82528949870043355475
-0.84437272876705116165
-0.52357208171094815619
-0.52357208171094815619
-0.46621917908369936434
-0.32388163023809457552
-0.64781475330135951385
-0.94602352634353203964
-0.89369056042921701799
-0.44143789584815817939
-0.74698053521429630397
-0.51084780972956533862
-0.95572631059015877852
-0.89841904928834548372
-0.42382630166776258385
-0.42404434407318630784
-0.42404434407318630784
-0.59073337940068093577
-0.47479927352387840678
-0.07966864345580226825
-0.13374274253554252478
-0.19715488245578660642
-0.44718212073072372004
-0.58743341247897706836
-0.24105960723993768990
-0.34813825755759481018
-0.11662525758921832297
-0.09309730357169471171
-0.05248350582667277164
0.31370342863430006330
0.16878030806256982821
0.59108763215647941447
0.43775525127432596273
0.30331001538005702978
0.49458034243181875356
0.13046907499919652151
0.42862264762102336713
0.68781165345003958400
0.39866733360041795020
0.74909939512102430292
0.68003848156893154098
0.27809913236558925220
0.15050661780428975511
0.15050661780428975511
0.35293043793780809469
0.28115826602147403479
-0.03759932240359858957
-0.03018312460286159959
0.07597031587546770881
0.06648207156289065445
-0.29986157328815671308
-0.36524157825170555647
-0.66636449734977121206
-0.18642823569776334480
-0.37368152121719433456
-0.40671927477546393481
-0.83299754179688445532
-0.42685965445212459279
-0.42685965445212459279
-0.56770915285112222293
-0.39721116046291760071
0.04932486128495838784
-0.31276165778412023943
-0.43311122359387560499
-0.60618804307011719956
-1.06469735413077559727
-1.06813467599830724808
-1.17574521255481689863
-1.00582552771355659971
-1.00582552771355659971
-1.30313148037676684865
-1.07677928059212280054
-1.43962161729095017293
-1.21707661809263978370
-1.22936205856007063630
-1.51655757055457929283
-1.14748374053625923352
-1.63753078558367604067
-1.52423805674735723947
-1.27318382392320383900
-1.27318382392320383900
-1.37238837889041564999
-1.37238837889041564999
-1.37238837889041564999
-1.70687774531863878380
-1.28563605634758415519
-1.28563605634758415519
-1.14101559465798696458
-1.36093161923854566453
-1.27092948778110415020
-1.32206852655954465448
-0.89605744015242194678
-0.43391031140178326631
-0.60898820921266239026
-0.78342077917579000523
-0.76776501269441665976
-0.39924375638330866778
-0.55758249063863873918
-0.34794637064819855521
-0.34794637064819855521
-0.34794637064819855521
-0.60459493617741488780
-0.46000720768236291747
-0.21432912243266410979
-0.45919176585003679270
-0.26672152744919458423
-0.62823469221044403454
-1.10630158316637783322
-1.05185621793002970215
-0.87578239681934444416
-0.95295085103854437758
-0.98760504670795612459
-0.98760504670795612459
-1.05907538396263611880
-0.95863903195534183599
-0.76567536022778714955
-0.76439970604349249950
-0.83414841761540414744
-0.50986141525668493557
-0.93932632912850633211
-0.92771673967490153601
-0.64429406292936819423
-0.76280741405804386446
-0.51207702537629951056
-0.85986602881917417740
-0.54392121943828108943
-0.42538742298511533768
-0.05899207902094316669
-0.47069439523420369964
-0.42616288244080263725
-0.12695606175203028032
0.01258414285843117986
-0.31360556688793600477
-0.31360556688793600477
-0.56788470063726048664
-0.56788470063726048664
-0.78799843335897001850
-0.88057155296233435848
-0.71427143933916414920
-0.61696650908187689044
-0.53200503114238972824
-0.63845137862416878605
-0.44391102574016849669
-0.01370115671945226765
0.04117284600677195705
0.01274491800588412049
0.22498148387529587344
0.37954478169769828577
0.06044855134582172163
0.44459270008121831719
0.44459270008121831719
0.12854779168429769642
0.45115791934130239360
0.51020720042763234581
0.75974644150572745449
0.56716779203487543981
0.63677174255101176570
0.67476773549558577425
1.13569173502534792597
0.68267407463056306582
1.12562131794430930753
1.12562131794430930753
1.25528800615821034548
1.29651867099875151013
1.42186994846996928032
1.15906504223079265259
1.04610565516450315648
0.68692339523086087816
0.19945555259447872443
0.39801653353404625735
0.75423776603035119770
0.35080988348964659007
0.55776721800573103582
0.74773670348698650923
0.35051067539048474941
0.03419001076099525971
-0.21030375254820676822
-0.00939872907912697730
0.06860155405876833257
0.26434493682549164983
0.43185543871105036562
0.37834837444980617960
0.23243703587559444435
-0.00336110918008242221
-0.21618341268794238896
-0.58749119499116198018
-0.11874602763855579557
-0.04952191656899196381
0.31031052899095323827
0.15389436397416789148
0.65003978561145780990
0.15836741736082310394
0.23918874829038055951
-0.12398666894249393833
0.32738167505123333401
0.18955484926213805874
0.45506129085787239141
0.62849125062510502460
0.52446803591421786717
0.51068395772514652009
0.91107860832059295308
0.91107860832059295308
1.25125108298437792698
1.29609340186979848930
1.29609340186979848930
1.45870473909131082024
1.37439406331367131031
1.37439406331367131031
1.25456568796865530757
0.90989795672236473134
1.28205870244747521802
1.28205870244747521802
1.10823025536174979422
1.36549254477279458087
1.42697313238259626544
1.33227595236723672656
1.69066230309691922784
1.52167735785323610109
1.52167735785323610109
1.42024110300477257596
1.68452463098080640336
2.11824604106053593355
2.11824604106053593355
1.79472954794518702037
2.17081193564031416088
2.11463757935661300635
2.46395879795958760994
2.34986911730368630558
1.86796234704924435377
1.86796234704924435377
1.75461316702636160869
1.29606222165564699544
1.33086238164960102281
1.77445837728420707791
1.52277986031154677349
1.46781864295145947352
1.37115346564498929993
1.06373132838109607512
0.77898112813894260231
0.52671567770964766719
0.72759282296876592877
1.06716814337631626941
0.65297279351063231001
0.87866392842431295662
0.74732217693110591927
0.93079387416633985186
0.93079387416633985186
0.43114011242572714000
0.02852497321018743204
0.15203521873430625444
-0.06186280705121910417
-0.20355145223604553806
-0.25624223135237189641
0.06864343959308882859
0.48859402676512697639
0.74248523485962103496
1.00666564819712944789
0.67769174355905614782
0.67769174355905614782
1.13157468691075457912
1.15162416088935670722
1.59454364566809214665
1.45681903718822125526
1.86422101751165980588
1.86422101751165980588
2.16958761455937176876
2.26904886857096066421
2.63179559662555639932
2.63179559662555639932
2.63179559662555639932
2.89204821521045607469
2.64739370329649403857
2.20408093449849262768
2.07849902942706377118
1.90158784268497438319
1.46483765796983078644
1.93049333637137143782
1.71995727006343557264
2.16939229269948929968
2.16939229269948929968
2.39717043256254935812
1.90712334281164896943
1.90712334281164896943
1.78113321065023733070
1.84146524748832751683
1.44718604322857080646
1.49374610883823466523
1.49374610883823466523
1.78118397611248080459
1.76007067191417410079
1.80780749200275092647
1.80780749200275092647
1.85611330268723140335
2.19743687063335801923
2.13743168517827175634
1.97181549760131469284
1.69368830658201097172
1.68870065393331070247
1.40573701444348686529
1.35544873371507956783
1.35544873371507956783
0.95340178602067415792
0.95340178602067415792
0.55557072607593682712
0.21797724660391359919
0.53244059231711149405
0.15563273926061743646
-0.12083142209837244296
-0.60957420901841641303
-0.94033541853555691059
-0.74656112177603428659
-0.62753613974319089053
-0.27957681416514612582
0.11457897122696492076
0.59763851580099636163
0.59763851580099636163
0.59763851580099636163
0.53198128078690354315
0.91526915571431621821
0.93500463940901468174
0.55257198030714071990
0.80840971637908387581
0.41073685787186375862
0.82299430334148226951
0.36722728371024965233
0.43206366637351650839
0.51718250523189679413
0.67083688810040575934
0.46873558124933661917
0.46680943177398276367
0.85848710423264518177
0.57486646323225298882
0.35562153246980698906
0.46239804265200534772
0.14963187167869035354
-0.14063078963227609863
-0.17991996681314431639
-0.13435930904670129182
0.31058933996156751212
0.31058933996156751212
0.34990367915010706090
0.57709258565543319897
0.50241265143379676417
0.55992399345148058387
0.98857745062027457816
0.49275444680486996107
0.38877757284267211446
0.50008639367300833367
0.87136487377404914234
1.21218601274871051743
1.05678333717248063017
0.92009681622501748866
0.43623036818402805004
0.30457647973884166559
0.17126871932822185229
0.17126871932822185229
-0.04230414821874112219
-0.51186439185956267295
-0.95356836656740828762
-0.95356836656740828762
-0.81003207564821599895
-0.50275146402547243873
-0.34305215456665638651
-0.12671454279996707815
0.00996022019998610286
0.09945031842190754645
0.20716754589563091127
0.49374778009659481270
0.85542549372437171051
0.94035847412438500204
0.64025325078528494416
0.27462978231470058788
-0.01272067102265139749
-0.31465156367731383913
-0.06188417694619618992
-0.30398912253044535481
-0.73181110375179991845
-0.79594801007581805763
-0.81218291204990511467
-1.04932779471824799700
-0.83996833946554871897
-1.23825639194728198689
-0.93310759958490641086
-0.49218013742574984182
-0.94896161041640314515
-0.55376515167475481860
-0.99270789976824014289
-0.76327268651839508262
-0.76327268651839508262
-0.71862031506310730666
-0.65808092949823082662
-0.81462058788846769541
-0.44689749597893480004
-0.58230276386361268237
-0.15077862360085803051
-0.17885057357086869834
-0.19905550903597213352
0.25890476874024326293
0.22083694754206861788
0.67260730996383188973
0.59735549106138974285
0.84561950100846994260
1.22215931197728422397
1.48167154401618095250
1.38687508734262765486
0.90496084089621453561
0.51167286979577619732
0.51167286979577619732
0.15254240024487120131
-0.02153428994191092238
0.06897062438957407560
0.28224789015121648506
0.15373924707701847048
0.00898308237501083129
0.07910836445125662975
-0.08231739400994386724
-0.42833637652376044258
-0.44765748034588420667
-0.38312000612874058669
-0.38312000612874058669
-0.33876427488344468264
0.09671967108580720174
0.07780143785187559891
0.20330431834016643444
0.20030366149744638360
0.39464862989012072791
0.64392617956917541644
0.30173041499299935175
-0.11940980824614877420
0.33478263362067395281
0.65484490159658459429
0.65484490159658459429
0.53444983648808652710
0.03901395040517846580
-0.09625750412059375094
0.31762592253164190215
0.04317562516926110039
0.10332766156798112167
-0.01336068800341844165
-0.18477792091890615778
-0.54769681466170916373
-0.07988156405272517357
-0.14933159535254442174
-0.64220403374275858432
-0.50353647698813430722
-0.84514167269000406435
-0.84514167269000406435
-0.91236856296303625591
-0.48557781893088858283
-0.40774378851417170111
-0.36439253336954990914
-0.66378896760931205279
-0.82270413885019455513
-0.84717171119860457118
-0.40076119215263583673
-0.29605371984469885938
0.03098920990292863831
0.50083949114234616040
0.50083949114234616040
0.76784213505118703580
0.76784213505118703580
1.06338172408909148459
1.29103249813943277147
1.29103249813943277147
1.45668242054836460930
1.90264322720590639548
2.29827086874202857203
2.77617300407782341409
2.77617300407782341409
2.77617300407782341409
2.53372276086998748923
2.97094487886453695324
2.60928402170970707985
2.45146960623164611448
2.83551984784915545035
2.50881096302010142551
2.04339663872652987919
1.55812925894657094972
1.25527266145463212155
1.17195062836256824745
0.91666958756589300705
0.48846408910511707191
0.49766723462271367229
0.37472630519173860675
0.37785750458848071931
0.14811111690853767664
0.55209555735443038849
0.89736920008312870412
0.51191732870037998104
0.51191732870037998104
0.30856478345047427814
0.62951124069723340959
0.15043799423166903662
-0.25609242602069992589
-0.07960457381774432850
-0.07960457381774432850
0.29318174640330085801
-0.14526484191663335821
-0.44291022300856208727
-0.14439763810690853241
0.13238286419416445128
0.09854963915354553183
-0.12520843424145994272
0.09788009133090730396
0.09677973580396254105
-0.01383183920469222006
0.14015767031356118899
-0.23306210000676663707
-0.68704814076752307450
-0.29406172167233723957
-0.06366436512380557744
0.08004425772467382849
-0.29344786111892079417
0.19172528045797526675
-0.16440020276438893632
-0.16440020276438893632
0.18805172000454850600
0.28947168136456158383
0.60142719238131203685
0.62091109697748980700
0.62091109697748980700
0.22731335122478374400
-0.15347943741525010841
-0.39817171911624321679
-0.44473942576197394994
-0.05701644325490390353
-0.43487240720301961749
-0.14785908146196452551
-0.41116544204353128178
-0.33365102430510368281
-0.27777883190558688709
-0.47655565663080912131
-0.47655565663080912131
-0.43953769255408425831
-0.71238606991823560932
-0.97719757397529072307
-0.51182337618052631267
-0.27787835163897267599
-0.20310511752176774181
-0.45330253730216618635
-0.81575565799873550610
-1.10372048109012177441
-0.93476331347356200752
-0.92642048044429614606
-0.65518551094233745680
-0.86896654817693663730
-0.67124656083586420330
-0.43581528423159587859
-0.44573001002228779255
-0.21129885186036484468
-0.21129885186036484468
0.15949161428002761598
-0.02929798142486578216
-0.15039126605279756754
-0.05640303299595234021
0.35778613335349457314
0.62402099120617471328
1.11524701938742687446
0.74051986482949505586
0.58136269640240523238
0.66678880791495542812
0.39040378476045778378
0.10490771713894730954
-0.30184836769563022640
-0.57035287403052759014
-0.64852677013191195599
-0.35123204223403758917
0.00353986607097589445
0.40089192632626868829
0.89538069693156119300
0.89538069693156119300
0.61825610260397512175
0.15315838188545272125
-0.28302681692085979170
-0.06935652232233707748
-0.51267358265476437040
-0.98095415508419436801
-0.89871165105082140290
-1.15936748108797571533
-0.70855491408545734355
-0.70539342155931661349
-1.17410715630935369447
-1.00885191583487277001
-1.09989056368353788073
-1.48015376691714095614
-1.48015376691714095614
-1.66802570813709660769
-1.55727821591183923644
-1.56635378327517016395
-1.55914832049010243509
-1.55914832049010243509
-1.55545718807516020199
-1.21127086864378341602
-1.35410815447295007630
-1.09268809929150068072
-1.03831794673499100412
-0.85770399512616646298
-0.79266622746022252777
-0.82095163563311190913
-0.41247514375135552189
-0.41247514375135552189
-0.33889903958836065101
-0.59965195581301211636
-0.59965195581301211636
-0.24076606600581484940
0.19400017717573336817
-0.19829831910240847126
-0.19829831910240847126
-0.17390730798892550801
-0.63848899590712926422
-0.42430583127975274316
-0.37391321727723036972
-0.69846833436679023333
-0.45780202697860639116
-0.86837252595852243431
-1.12976166309312531233
-1.01819477883083964187
-1.01819477883083964187
-0.52168421541419540688
-0.44069873096454359462
-0.20382194766021888288
0.08968032109070123159
0.54388942385273031377
0.84035553449780941992
0.58911085645160676805
0.58911085645160676805
0.51078374381678814942
0.36851934616850190451
0.29875352107861241624
0.04303076562612351275
0.29057547417029994108
0.77711789322882329767
0.57219296813578490735
0.28211852851421975741
0.11818067269314586065
-0.23483723669072942286
-0.23483723669072942286
0.18267997781870426444
0.46571177521986040215
0.70518376291970430447
0.75105151033543116057
0.75105151033543116057
1.06973847098170238290
1.13439687603823236017
1.08525999313464849294
1.35384480415556329724
1.14566856117251258951
1.20318797915390596209
1.20318797915390596209
1.58167244940142248666
1.64002847212367619534
1.44715523461212658418
1.91310615437715147991
1.53899682245170099648
1.53899682245170099648
1.81976665804151305217
1.68901248028921102673
1.64104816370692052629
1.26900481165805611994
1.20585872917708436525
1.53148846678970329549
1.80871605701218651774
2.26928201470024504260
2.26928201470024504260
1.87147400033262734098
1.46435348431782008660
1.57265684105113434654
1.59822364365598801328
1.72287386759317628915
1.54611085986071272735
1.56293098584884804225
1.11070355964391165315
1.49020582809587720519
1.06420455876001796014
1.08070690398136903809
1.16698558496636106696
1.38327696168947333888
1.34286253868735028227
1.54111581763304084092
1.57666480055854396625
1.82343950044523417375
1.78443277337794303783
1.31286748676228204324
1.31286748676228204324
1.45088503251358624802
1.16724749499337621117
1.02382364730528241381
0.56472726634923220423
0.82867055983685888876
0.57220789607250943654
0.69796289442943060255
0.82054061504105579861
0.51386290300351222804
0.03276661109773271185
-0.22113218774140930289
-0.02911135672085063408
-0.34623019879043126501
-0.49827624158853972558
-0.85870206302903240303
-0.49430125392708534893
-0.46444563915229208906
-0.03201624356770260693
-0.18711793617677324741
-0.56460774879186326203
-0.97637238445523322206
-1.08708514579902182362
-1.39122160495781876932
-1.83518486811555670002
-2.24115661170387925338
-2.46039521645773406888
-2.33100208003586661931
-2.33100208003586661931
-2.33100208003586661931
-2.80741191436882164822
-2.34916630869227249789
-2.34916630869227249789
-1.88041206280720474275
-2.00587907573482393531
-1.55715443289706634289
-1.63466027967383586983
-1.27156958159598465485
-1.02061921172804592750
-0.69697286104642885984
-0.74883279378937661619
-0.36690524121137091385
-0.60910117654554118971
-0.40741748777564013029
-0.58382250488914189113
-0.81205376578125343379
-1.21920323940888652992
-1.48402711655201247076
-1.26591155178189351815
-1.65470716457567990076
-1.63712424348906360194
-1.54743251765493439187
-1.95054348090223683698
-1.69868501517860925887
-1.68694835281323562981
-1.53212183901673748565
-1.53894241598385983494
-1.35016422385823675612
-1.80208946988084361962
-1.96029655889622267395
-1.96029655889622267395
-1.74144167347878786600
-1.39786567860184063328
-1.45126049427840442263
-1.79329911819347631585
-1.63895900763523272303
-1.52122040652727275045
-1.40559903551154263823
-1.20878477613851176287
-1.14631773119155666585
-0.70333307851261595012
-1.03490542761744697131
-0.78085780343081212518
-0.78085780343081212518
-1.03319008044581828187
-1.35939796541789892359
-1.35939796541789892359
-1.08299591908371328763
-0.73631791036405014328
-0.68854823274936416411
-0.40773143102775366575
-0.22754774905161800902
-0.28140612541763837529
-0.66822308472741043239
-0.50493819546184859348
-0.65343139118209525584
-0.26048774726712020655
-0.71805413100778303637
-0.84091383327773006062
-0.89180018794341475719
-0.63327853387840482569
-0.63327853387840482569
-0.61772577307081577569
-0.23062387608486867308
-0.64079695783593071390
-0.77392680443540984303
-0.63694544212750869860
-0.86774631932738988116
-1.02488743142452887191
-1.29880856294129887196
-1.29880856294129887196
-1.18639524475969593276
-1.18639524475969593276
-1.08842808501256516074
-0.70399997090176191783
-1.10453152451875658002
-0.93454495907507573182
-0.89057141327791888852
-1.33386563664948343266
-1.28609554180228391473
-0.92014852534986946164
-1.40297211050194770010
-0.94127802687757078370
-0.85522666264103552880
-0.68646896150264824499
-0.87577221373831015683
-0.87577221373831015683
-0.69800637182687230720
-0.62004937190565245775
-0.15815291188571733993
-0.33533910561136393014
-0.33533910561136393014
-0.58408811110262670585
-0.90574841406464501326
-0.90574841406464501326
-0.95125894758443763077
-0.81050890791719731876
-0.86124964424467631563
-0.60320822480284530531
-0.19621113091531261485
0.15122972971350878701
-0.19518120037167852043
-0.55437729370518917804
-0.32998449417296527031
-0.72289658115380739378
-1.04175056053407510959
-0.79409639504463702675
-0.79409639504463702675
-0.35830706560905878355
-0.55144513447371079629
-0.72429355547032481244
-0.26178947173142774751
-0.52877219325340452105
-0.45842645175682217307
-0.51135247690200924531
-0.59349465886759800171
-0.39845798229727347195
-0.36678638116773065736
-0.46398458185791735531
-0.40938309203339440234
0.03297056771487005822
0.47276199933735263414
-0.00500958832214587479
0.18390339598240929009
0.18390339598240929009
0.65809433565385822007
0.65809433565385822007
0.41668284214878104077
0.26514121250488370540
0.26514121250488370540
0.07141829494918133792
-0.33853452482193008288
0.13197246968371884046
0.46912681193515487488
0.84690999348969175919
0.84690999348969175919
0.47441333554424480745
0.48455800068776477829
0.17004145969172523856
-0.22220904460280177517
-0.52737648018048466358
-0.58767082406565607222
-0.58767082406565607222
-0.14556835552005975565
-0.11833994538446446221
-0.45571377196150103517
-0.63334890833746615435
-0.29852965674295095511
0.07586247826733250044
0.24204312974681729820
-0.19422744526259511089
-0.12191528832629600076
-0.24954619340112288439
-0.40858167196092770590
-0.62706720089869472101
-0.42019587867902896683
-0.38954142662210022863
-0.46123551365977444316
-0.11636437271552868555
0.30001936587505440013
0.09373250351926387669
-0.20066245282100203529
-0.36897918762126474812
0.03997067177666341342
0.25236856041120253602
0.71061927672038249781
0.33512894429039125077
0.80248902496065865897
0.91550871935463418172
0.47024003577894968320
0.72727865456941909184
0.59815985597583898326
0.59815985597583898326
0.93514283673611109382
0.60473833168145629813
0.22988864021835758722
0.56226527111709811990
0.14165190497489715815
0.01283155196012053523
-0.11703315219704224504
-0.05356614899522460504
0.30613869978400332084
0.66508758425017688865
0.34994301751718515092
-0.01466745231984079023
-0.14816470800348324754
-0.64697531966817822813
-0.64697531966817822813
-0.61040426004231651547
-0.44798449727147571231
-0.17751357829082936579
-0.50803839159572894424
-0.88971296855701276218
-0.62280552257914822967
-0.88560720923618285738
-0.81252460359248079858
-0.84709585008542331863
-0.85845386230315268161
-1.09860147936204999297
-0.80225526299433114197
-0.38917109178806719161
-0.38917109178806719161
0.01106181415312523786
0.33470437854281342993
0.31959986003096652052
-0.03742962076209488398
-0.26379722275948508381
0.09441672712303988968
0.15572425404363948731
0.53718714604022754777
0.79935128325565751872
0.89852244052966678822
1.28585539212722554936
1.33782591989162158441
1.59913648553151910292
1.64156373363991869851
1.65272943799044869095
1.74139773344685644396
1.53928632500547712958
1.53928632500547712958
1.53928632500547712958
1.07743679758972765725
0.88105559855748194487
0.94501900460804266757
0.96650482246954649845
1.12993699062146535361
1.52990878584324274669
1.54115163071134153583
1.39156810026222688137
1.82605818115456353112
1.73758829791917324137
1.73758829791917324137
1.54460293662016812100
1.37869736756136918032
1.66579829443515592402
1.55348559727588386714
1.22695569821025429746
1.58443539616857842489
1.40663759406033261889
1.24865282338514993477
1.61552222497552211422
1.24286019534005265363
1.01091091777705566201
1.06505686047721903620
1.26685104880800447624
1.49704527645233742561
1.49704527645233742561
1.03306540173154992601
1.42417146750919543230
1.42417146750919543230
1.47658303052958661539
1.34026413566444668746
1.53126043408701617565
1.23423099947824121969
1.37683490658031004727
1.73372141911355326371
1.73372141911355326371
1.51003592368682149072
1.51003592368682149072
1.44698703077015289331
1.26608350070476194382
1.20400729133002304394
1.38746862434198048319
1.44468643630141180267
1.78874490935762131549
1.54151929986733393640
1.74136685498121934756
1.36371855408125908227
1.70133485328467726205
1.60537720313545584361
1.97568526234276298226
1.97568526234276298226
1.72083860669323573944
1.46006377272310317039
1.05653223770508586377
0.74909036618148860942
1.09241197355669017455
1.29262673053546595092
0.89705256600726457350
0.49840290425270405983
0.69052450530720554944
0.53547884898049180613
1.00605907431153962506
1.00605907431153962506
1.29868738157613039519
1.08710411101909976139
1.03488833202741936645
0.61856594896808059225
0.66268421065186788876
0.72358041849153575953
0.72358041849153575953
0.27973208007389749330
0.16366833595729329831
0.03285193887205861696
-0.45334907362859677704
-0.51650267421105566790
-0.19184400383003741286
-0.59395425957346570378
-0.59395425957346570378
-0.49051884072391760405
-0.49051884072391760405
-0.28584738252025942984
-0.61588499118382844522
-0.90760509223100538367
-0.90760509223100538367
-1.05293771301067828894
-1.03030726990211674021
-0.57757569271027420221
-0.91039023288078657625
-1.01546144299929608223
-0.72301232173248342061
-0.33610728584980509304
-0.22253135392560730033
-0.31018466749703305085
0.05531286660363060603
0.05531286660363060603
0.46294712017427025463
0.41134510045467609363
0.30878344332276497219
0.60046074078439259925
0.52631472681011248760
0.52631472681011248760
0.58347844429475603789
0.93852957242099499524
1.33219744443529597433
1.33219744443529597433
0.91395255127639596360
0.71717733527401772431
0.99421077593890949675
1.05222453202689703033
1.28357810726555410241
1.35916472825182310658
0.93068556065236895947
1.14727003343741351671
1.32793251393731726040
1.80558189065455021449
1.96018833711751594429
1.51518923231175994815
1.18361241565253627606
1.61973175691427684342
1.27976369731116679240
1.52797174548169611974
1.66166337098071892342
2.09878145744966815300
2.36578575957835379739
1.91904179957650145028
1.91904179957650145028
1.55638750482181831281
1.55638750482181831281
1.55443091972471192364
1.41662286753608457346
1.35662907634704277271
0.92899235893459120028
0.65756091669087757268
0.56262004355090156071
0.36549756483430345666
-0.12836157163994976749
0.17851654332061550612
-0.21896505552296346986
-0.21896505552296346986
-0.47983701293349639849
-0.61195643228104690259
-0.37930017610979793741
-0.65352448665235918224
-0.79436802272423134852
-0.57539476201655626042
-0.87588286650175883885
-0.63773606048792008671
-0.48374948696408448523
-0.47108784293341399163
-0.47108784293341399163
-0.34695107482697917778
0.01967366040668572236
0.01967366040668572236
-0.30531525602812237263
0.03335058364707021994
0.46509834889559409365
0.57592892487343294583
0.78770163109884150376
0.33758916954397127919
0.39801453933958114151
0.69029212123261807221
1.11813239036971756590
0.64994483331680930061
0.64708458452814876516
0.78795712710728205153
0.64797037939911661386
0.91405751878118424170
1.11008171206809125309
0.80586283551801529690
0.67726075936912066844
0.46243516191021716288
0.20342854489731471146
0.20342854489731471146
0.43603978885152766543
-0.04026495271375235552
0.24603309493792319129
-0.20099302693316922763
-0.35459579869853669054
-0.55863064064581036128
-0.42937023212638758540
-0.42937023212638758540
-0.72752322127462110135
-0.72752322127462110135
-0.44589233558899887822
-0.17698585506388775368
-0.23084612108341290293
-0.27467162291271740582
0.17541423913808684709
0.31531344485250412113
0.25647490064448857927
0.73220861993366748166
0.71177592487622287631
0.71177592487622287631
0.32526984337030862005
0.49477135552780726613
0.16917203304784428353
0.40120002040694896506
0.28094865650913575239
0.05506754901961269377
-0.08530004489482889696
-0.27089171357029240284
-0.67378545746849682896
-0.68088020043489105859
-0.98657316364654523699
-0.75668394042025077795
-0.46028501305742930416
-0.09735701749910041780
0.13697352196879808428
-0.26109571347995969015
-0.71900692219800221849
-0.62842813768817074038
-0.21541435630779037780
-0.12267719866833104447
-0.35213079203485597723
-0.39798885276447976134
0.01189257088670575557
-0.05215647632822745239
-0.01302337670374403844
-0.45884357972948563997
-0.45884357972948563997
-0.58993495073632618020
-0.60024298848596124856
-0.96621715718238998516
-1.42985471870278280093
-1.85800775995385780703
-1.85800775995385780703
-1.85800775995385780703
-1.37297524529182646269
-1.65981017433098587688
-1.40527626751236978109
-1.01951853349783005953
-1.08366125313736172409
-0.91225824384590148419
-1.16169334769328358448
-0.95326283129550259954
-0.94361100482923099264
-0.94361100482923099264
-1.13443523488680231281
-1.41106894538322502619
-1.37080135004167136259
-1.44681191139240938881
-0.98917291988115063628
-1.02111379849776895412
-0.91450580461626773676
-1.21625537807879391394
-1.36772417596901596504
-1.36772417596901596504
-1.46200732954871814862
-1.20262846755918140218
-1.28008542176340589513
-0.81157811000551571823
-0.76642958622725754214
-0.33489092571423528799
-0.39178744628643596970
-0.39178744628643596970
-0.44166924848299538020
-0.41064170580853420756
-0.41064170580853420756
-0.41064170580853420756
-0.23033084987213037209
-0.41979887775136665029
-0.28711159657087342856
0.02611894347989324183
-0.44083161463068964991
-0.24614574445698300664
-0.70572696496068454408
-0.81793960501344487035
-0.51595394314078890652
-0.57606234661120658824
-0.60183137660000629587
-0.60183137660000629587
-0.83822533806703858339
-1.00611898140335975782
-0.74754455953257004097
-0.69176637157414966328
-0.69176637157414966328
-0.72403903665209701224
-1.02163967467921401600
-0.61933409404910455542
-0.26576681750164310447
-0.07472552502282781006
-0.31454089321873751617
-0.33498753390042090849
-0.43683286147976524427
-0.62957342696822504724
-0.57037437291368209280
-0.27363956220152396703
-0.47843215380722853292
-0.54923894468194389695
-0.23786272608576097820
-0.24519561847914367325
0.10608593821808415258
0.51257778169241063893
0.25393009872823857354
0.04305982126064955562
-0.05115130522808220004
0.43775434393330581173
-0.00324598909507417543
0.22489780989703050951
0.11280177375897276759
-0.05765824441689554325
0.01346463920243662349
0.28337274970643250294
0.03848870915289809291
0.45860083096594955743
0.14267354674761251188
-0.24824388569605349009
-0.37507021421337605194
-0.78603502353003573688
-0.46166318932626171367
-0.25221760769012835368
-0.39388167946315078005
0.00225253403291125753
-0.33093722762118527037
0.04355270696968804867
0.20323395249583853239
0.20505117215450818779
0.03535588064014166809
-0.36750969913207071071
-0.39668304980578600327
-0.24477020429669976709
-0.31474443330185314371
-0.12449079571501470154
0.15207902838106607257
0.06980445891143416404
-0.27274179960263589262
0.05836056641226117225
0.38388280844496147637
0.38388280844496147637
0.23539739904710355045
0.28244408116789176955
-0.20591080384604754094
-0.46391083950359496280
-0.64332160756147160896
-0.21595111569201708157
-0.35957018908093774101
-0.41325494270458196233
-0.57297619226062113107
-0.48337005264283250394
-0.06751234040945963688
0.15027789196477547851
-0.21521952665188881504
-0.12611840368533988599
-0.34998922718223240969
0.10236807661240737710
-0.06779033693848285358
0.07104926629505931013
0.11931715352428390320
0.30275367889680987465
0.02272763104304481585
0.18300063148280093506
-0.12690901436233920085
-0.26414743846476029798
-0.26414743846476029798
-0.11692975979155917354
0.34276952540630389876
0.07509582120696289831
0.48899633017787014211
0.04322301970944353311
-0.11312317411095579311
0.20455027893396976468
0.21053825724428837374
-0.27447964869183072434
-0.43712702530302965931
-0.01401404059213845477
-0.20478840437941248087
-0.57110695008706224840
-0.38113271858596431407
-0.38113271858596431407
-0.43232197288066770424
-0.84017576898456880485
-1.29826508476318625007
-1.29555318774448924302
-1.64965326881486218369
-2.00381239061421911885
-1.94028981120339683031
-2.27724069346545876513
-2.35721330640708348625
-2.35721330640708348625
-1.98076347516885764577
-2.16605688918664540665
-2.03579149653008384391
-1.85080003871154619155
-1.40596896731573206552
-1.65259798227465237730
-1.76101865631576193216
-1.45886680877715280147
-1.28887711921189396236
-1.39957591630499234014
-1.03777358519741591536
-1.23233025205896340459
-1.23367383970584998387
-1.23883837146631003989
-1.09231470878810021929
-0.91625089892943545333
-0.75076959992329683757
-0.54212063855590908457
-0.60296220244046982994
-0.48697588755143261796
-0.48697588755143261796
-0.20934456340473006630
-0.49447007407177356875
-0.06108376689306282969
0.32356314888389348106
0.52431693581133353987
0.88214652747015187551
0.55392068440742237012
0.52861025534970584872
0.30378005830746501736
0.08899157451883854542
0.23317830159010644042
0.67518230978174598178
0.42162181619629701679
0.66809792335521689388
0.66809792335521689388
0.89988104458892193005
0.75457041978582650721
0.37713686603918883389
0.70865865503840441697
0.81942184703397069612
1.07308445548316089280
1.11155715101004792800
1.43663593821070323386
1.52868232830831329849
1.16305782746665453686
0.71454002951017026035
0.71454002951017026035
0.34593794371277375443
0.22058659778934658346
0.65740264656832003709
0.89006974612831035731
1.07265362659126584077
1.18791040670494463249
1.06334256290613216045
1.06334256290613216045
1.06334256290613216045
1.01813069429160951707
1.00959375640823578735
1.04028286204685960215
0.92039836986008394248
1.38116572838330342599
1.32479255987553878882
1.24987647996743422851
1.24987647996743422851
1.20277524702379645660
1.64230842662150822164
1.61083195154127678528
1.38375429198320154534
1.31102167829452564973
1.34158055244086726887
1.47613039728073358603
1.78178776906885971698
1.30892762695854347754
1.17813252130435830445
1.05876240649202424393
0.78165597481729687246
0.46257408683307604802
0.09268940919669260703
0.09268940919669260703
-0.00157598452716467552
0.29157200026864227294
0.67158177898804227723
1.13896662445690277643
0.98441843874026435657
0.98441843874026435657
1.11870174511274811380
1.00432545179702081839
1.02949988820100601927
1.02949988820100601927
1.50009241630327005979
1.64379214921210925482
1.60288038877903904478
1.60288038877903904478
1.53350026581133191961
1.61592745716493402242
1.91192301102537287605
1.59354527974200177454
1.73079196514132482854
1.73079196514132482854
1.77445131064133754251
2.13316049875372559796
1.69922102461532253947
1.81710435418276761155
1.97420081308772332740
1.95981510563744443232
1.93245054266063487347
1.93245054266063487347
1.93245054266063487347
1.95337778118130156457
2.23611100168717102932
1.95701723241107838902
1.93594683796909450280
1.69068094398391899347
1.74221655714428313999
1.34109134731864587664
1.34109134731864587664
1.11422895785151898629
0.81614583000360763076
0.68733694063840733435
0.43330232097454918216
0.42000463810749077975
0.90612406675057188821
0.90612406675057188821
1.39518304606674825585
1.21978609250847980228
0.99439225438720635353
0.84491322764423815173
1.29295100425041331604
1.66266306264449514885
1.66266306264449514885
1.75743141060574981083
1.75743141060574981083
1.44020981804477044008
1.69913671663921639343
2.18623774577222196314
2.09701266656490181717
2.32050576285482179628
2.60218650922280581028
2.43913215721916509793
2.48420147899733478880
2.52673340310655714092
2.23379137424462559380
2.30700262580392578826
2.30531060290769751475
2.45997973995281871140
2.37148989800898402081
2.46154677027908075360
2.07889021331392331859
2.04465889583558357856
1.87146369315285965307
1.87146369315285965307
1.87146369315285965307
1.50593776023291514576
1.50593776023291514576
1.48503128834302700056
1.11799969785753261498
0.96121780898478348387
0.96121780898478348387
0.95633993738160105735
0.81569260909021124029
0.91591354897986432260
0.81514229896251788610
0.42368611270733103069
0.88679920411053647644
0.77964173829165939189
0.30682394528147588497
-0.16567844881940918533
0.21298242137440237531
0.37519148917644462582
0.50858287816335223663
0.38925968058838134045
0.05218772871986965267
-0.34142609212614305481
-0.20110181635297341707
-0.20110181635297341707
0.05019775663977033009
0.32073753388632553207
0.10182900941084205293
0.26892952493807387171
0.22232561173025422452
0.25644806644713524779
0.09039626996516653135
0.02482982865759275626
0.24842156271842030790
-0.18183518908072388021
-0.44388996713976258679
-0.82054704605627548641
-1.14623208187811043146
-1.16775241408858443393
-0.83651500583464399874
-0.52219881793586830909
-0.96231276237513885263
-0.72924745861871864694
-0.76530790294768080706
-0.68012580540037403942
-0.72001693687402856803
-0.82210300062881347394
-0.64117838774862978557
-1.13451224292373265001
-0.70552212149162285559
-0.44402265196853785145
-0.41719320738557752470
-0.34938459394005683123
-0.73481310356167162112
-0.71902945484921187980
-1.20366878188386383641
-1.17532290200485389775
-0.76036710071394886246
-0.84414284063696398697
-0.68256583818354321647
-0.88633483968970461220
-0.88633483968970461220
-0.47059189666556155984
-0.44409946698886659799
-0.73794759867617631954
-0.23912911687006088712
-0.11671122285384627482
0.23578250512283993601
-0.03742516065828160876
-0.30091037289282207556
0.11196374456023627797
-0.31536043636285132630
-0.31536043636285132630
-0.11272925632667568641
-0.24620227992823795482
-0.00144947297007624876
-0.01555541950071354096
-0.15865250940372221944
0.00844672881459795910
-0.16750718730851743565
-0.32862929689168762781
0.01227314747509822279
0.36078563861585144501
0.01230792957930854081
0.17276932027785202317
0.49065012903448329551
0.63056266895986889942
0.14511817304655494354
0.52330642124791593162
0.73368760022971801771
0.31508246637651482480
0.72255566586858988032
0.54315336772387201592
0.54315336772387201592
0.19092481662096344452
0.55187286322557627116
0.66770942842946490181
0.61565455171076921559
0.51090121455997872246
0.55055509579859096547
1.03805958877226900405
1.16710314954030125456
0.91519446690342709516
1.00964622851910013068
0.87043197703101882201
0.74142676626398196227
1.00139369233575936669
0.51086322661063432449
0.51086322661063432449
0.07912479367997371504
-0.14950775641459751464
-0.47224287082080279587
-0.34118276617545179041
-0.48962969565281511120
-0.48962969565281511120
-0.90761487554182407322
-1.15887323425099286744
-0.81927428618971342988
-0.96461684092163313409
-0.84150431716885043532
-0.60262066736008423895
-0.94499685892136975340
-1.17242155721058560758
-1.09300635433430493038
-1.09300635433430493038
-1.08697140802954272942
-1.01008502394430932370
-1.20602476629709487455
-1.39751492552343892228
-1.66326167022961657338
-1.61644138983285512445
-1.37107221077712271295
-1.37107221077712271295
-1.57867733043557301187
-1.57867733043557301187
-1.57867733043557301187
-1.16906261335549466196
-1.41230955180354333933
-1.49016530531932311909
-0.99255588696923313652
-1.00871085259538117995
-0.52422156954381160521
-0.83727737392172496556
-1.06859946766337765567
-0.62443659879474222585
-1.09579529897114458237
-0.77659606201416109261
-0.77659606201416109261
-0.91761745648348069793
-1.18910786308772697950
-1.19466050863017758665
-1.55876058063412514798
-1.47777298906714715798
-1.39152089920431798475
-1.66269964569374351093
-1.59193476852585691361
-1.59193476852585691361
-1.31853706218234512093
-0.97473336172976610126
-0.70482925777548810498
-0.65982248362145889953
-0.88087276596617003488
-0.80831688330896445116
-0.80831688330896445116
-1.16388214480313045840
-1.35435021475626093945
-1.08917222921232736965
-1.54622806517697730655
-1.20814321758605158763
-1.35884580335526461425
-1.35884580335526461425
-1.07927341436933810215
-1.10395696321686975772
-1.02894326207644848381
-0.93389755414515074339
-1.32681083461587290273
-1.68334762620895928009
-1.67908913347828114837
-1.22755790815109699921
-1.08000432936475299073
-1.08000432936475299073
-0.84515627256835124115
-0.94263890615787726546
-1.17706385100124077958
-1.27007537627130950852
-1.46256706163407113053
-1.42763230131363538788
-1.00702243089071985516
-0.86697163240377794757
-1.03760027025714918203
-0.69705889453043567983
-0.69705889453043567983
-0.37456437520430085897
-0.17454070047221570405
-0.08014302355244351528
0.28984868446823230936
0.09451144635421371287
0.26255009521848604592
0.14518208040165425654
0.59296442269950921933
0.64145059564218032122
0.55111729193064795673
0.39348865202324473378
-0.01283920370640589947
0.31306093363699150078
0.03057959816910843509
0.39008118719331580371
0.54052728393139259921
0.51260241680433682454
0.46862426887667535391
0.66667129386526657875
0.98177327401086900149
1.41262659845529947589
1.62251651362632753894
1.53927084619144993738
1.14237661526648670574
1.55533952920480178506
1.10400096797570190787
1.44705000005058970203
1.18480643219537906674
1.25018352211926808693
1.08557420367634160918
0.63351695245760852870
0.24039173882472447685
0.07669828859003685606
0.16318898003696452603
0.55209917856943335757
0.08916253926658701534
0.47389583986899197487
0.10714467154216744671
0.01177020487923224890
-0.22150165691110806909
0.02762540966627019534
0.10054813050690064591
0.05827129099437139415
-0.18060344233206121478
-0.41464919313539666534
-0.46667026424160190645
-0.38431753725014933254
-0.05040265761800649669
-0.43265230438330265494
0.02036054666170467042
0.02036054666170467042
0.34678462140577653861
0.34678462140577653861
-0.14499620354967424074
-0.44896869638421454951
-0.48972522862708850466
-0.39938833792665845435
-0.36205766646287712573
-0.01921232534536215786
-0.44805202421176287819
-0.55308013784377330069
-0.55308013784377330069
-0.97908719302112989791
-0.58310330337058391414
-0.40608626529858227183
-0.70768241547406252057
-0.36860946350200962662
-0.66286264088138546757
-0.17836180989554650811
0.03939565016859525315
0.02830896201930011014
-0.34600812701788596915
-0.63684101153018413122
-1.00953075825680960165
-1.04806123815852680892
-1.04806123815852680892
-0.83045145372415896112
-0.49668543389844432845
-0.15656533309098985551
0.32678069422336852856
0.40552734346385976849
-0.07832023784440433900
-0.37174243660259587152
0.12217960372668257296
0.05804484363553857884
-0.07034818691683797365
0.31833224036652751909
-0.17763900625409922984
-0.51733554388272784408
-0.86747554543776650426
-1.03766598437804491439
-1.05945159497645713387
-0.66527091672889882012
-0.32624884244345953022
-0.32624884244345953022
-0.57481092544031320291
-1.07069294716729856987
-1.53239637940768380631
-1.54290680146911896031
-1.54290680146911896031
-1.29900869391812801013
-0.94887532477680758269
-0.94887532477680758269
-0.71844924810270660576
-0.23294811846360397034
-0.68020041202204706288
-0.98924229293561105614
-1.12651225720835879152
-0.78356975213791157930
-0.46413017621456575945
-0.94000996553339910555
-0.93486017567797952132
-1.09639234705660504332
-1.09639234705660504332
-1.02072738135267759851
-0.76741515741097887648
-0.85332539600941048619
-0.40118378838579726864
-0.44357607324774572799
-0.82784032627374326552
-0.76498656732262793057
-0.50656703277797210383
-0.30712148305360675860
0.03182919231793890358
-0.14526912786312273784
-0.21820825115694497676
0.01105949259877736512
-0.11368042748127527020
-0.13802340283898240081
0.25766957609805352103
0.01257200516414086477
-0.11654293170038187988
-0.36409213666995060565
-0.51033892320019513811
-1.00474456860905170252
-1.35157721459473734171
-1.21360480073542009727
-1.39134480915560998504
-1.85860835079039299345
-1.47880233334322030991
-1.15920141556263445182
-0.95654138687837408916
-1.21746382616342629923
-1.10085959271568256668
-0.90874543572252342027
-0.64268886048472373407
-0.98138644661819340875
-0.86537767009129118456
-0.86537767009129118456
-1.24156595149150805746
-1.30231500151675372301
-1.76830422471664516770
-2.07973826354357749224
-2.16509693659148449996
-2.14761550079454899276
-2.07067494307210875348
-1.96936070498515380933
-1.58340969033698497626
-1.72588899579173804533
-1.67076261209825593923
-2.15591015301454769215
-1.65925871541689495814
-1.70113411811233627979
-1.61122603579947476504
-1.52880383260958474523
-1.64514826291480886766
-1.15444938892240545059
-1.55555287285501209205
-1.28161575751454770433
-1.38104850327645278796
-1.07306331585770076131
-0.94456241160844012228
-1.18745401417252693932
-1.43776279033057896584
-1.43776279033057896584
-1.27349884681101288564
-1.27349884681101288564
-1.56548434918070800137
-1.56548434918070800137
-1.56326627990383393296
-1.55162389904802289209
-1.17395294931435989483
-1.17395294931435989483
