-0.64058867918355000270
-1.30774010545934693539
-0.75367243110839055031
-0.46963409263158067963
-0.42207419891938419143
-0.54812433549581429659
-0.10615827613797090834
0.16045225325992762411
0.28863051826536068045
0.64650194889237111440
0.22737864741467656016
-0.11279144748709851731
0.35987785661587240460
0.53537402746052054070
0.42999968232121155154
-0.10807337384115744960
0.31087754634715358826
0.41102648592136026284
0.05871997729815392475
-0.63210659736399987807
-0.08316417787371543913
-0.14924169338738768609
0.39225200442236329845
0.12330813152869457561
-0.45657743814242107705
-0.23923900688031801698
-0.22238287572860077068
-0.11119156149737297046
0.34405688212441920548
0.69340636613471584582
0.40796872713042675596
0.83105078704238288800
0.96349835487245361065
0.10154413669441869628
-0.58647731579210637953
-0.77477976925428171384
-0.94964183329122375810
-0.75529277476263034785
-0.91080919346344302312
-0.46342509936700959639
-0.99081472749394272626
-0.95184387101412160082
-0.42003504788504841816
0.41525824364053776083
-0.25944297935787885567
-0.06646088769960412090
0.79338278262567685228
0.52662738320726165675
0.41664281669847647027
0.37775548448681472991
0.20631421343717309957
0.11779203108408903278
0.41010677298070113972
0.46955791300607618854
0.43763075533212530965
-0.31878198302294352695
-0.38852290012339396608
-0.08277016625868760524
-0.68619053121013262597
-0.96601237983722954006
-1.22006840082820100513
-1.73382624319467182339
-1.88548019383357967627
-2.28498105531790463019
-2.49849265697342115544
-1.86784298804953952100
-1.96773773220728154243
-1.82057492915567809000
-1.63919565227776642402
-1.59789412985457834893
-1.08067123665505682162
-0.74029750341563427263
-0.24505562276814918388
-0.36802218429186539517
0.10234974678715147434
0.47087815588846648751
0.19237564815784535810
0.03893873912232803658
-0.34402683230304548223
-0.50288247363776161780
-0.30228398125725131074
0.44674542869755240471
0.55055167621492873131
0.17404240261485837138
0.87358197214714261580
0.45281898647212293074
0.63843296777383939933
0.15981789313248162543
-0.29885865761845409327
0.35060965751791728362
0.81792142280280555333
1.04789392466093023160
1.12602662603651371143
1.42983839052256023194
1.20673842248820517575
1.86149939958075849589
1.40083966259883574423
1.76529262460083224973
1.83755001557876695983
1.25309393147616221498
1.15502980358667040051
0.51851423481409941729
1.16848376447729762617
1.51105374540716885789
1.78987526325037316077
1.68728419355455816486
0.86777850956086755030
1.62374286079953367157
1.66329934711721505458
1.18697659842994651669
0.79174454011569750378
0.57274774511938142396
0.37799803930241321348
0.29076698482537777224
-0.13348818623157787666
-0.37783551839079687618
0.27990328626702509762
0.90062909801519708264
-0.01571821515249199885
-0.48823252436157160705
-0.58618569913608487010
-0.78046747752487277694
-1.17018899376047458283
-1.38430180371939481887
-1.82826290970121840829
-1.68737343125388838949
-1.80154839661044663401
-2.22437842526677176380
-2.58311993935290873381
-2.43974896866816681751
-1.64025684243080194236
-1.14596686262915370413
-1.14597314346859979750
-1.63405431370905462884
-1.67950850430853249051
-1.21120641436949783021
-1.35447638475079035203
-1.84739964145580404242
-1.92081061304584732596
-2.33862815626833153715
-1.58491396558699970676
-1.25684590696210429783
-1.03733300233135716795
-1.31754568979029906828
-0.90418831557230583407
-1.16529842310831921459
-0.90334004648185450836
-0.14656538686089581880
0.60992372460193988726
0.55340384321911328946
0.48985466220874912535
0.49661757191485506047
0.49871401023059697133
1.22584440592948440418
1.35693040972432488189
1.40773395933570877325
0.87508545623863254193
1.26030518545783243312
1.70082673602775846788
1.77364297759423017453
0.85193946950693444364
0.67194426952485986071
1.13723535073792203498
1.73014622937428907967
1.74616276460986563634
2.22042075089198398530
1.68997203497680281714
1.54720074103548976829
0.85210860560280499154
0.50765208318254373410
0.34726984209719408137
0.06386777808138366375
0.23942137753563830227
0.24822500871877256623
-0.46946423056976294141
-0.59647037908270661433
-0.52528851783149488330
-0.17380402198704292260
-0.64803087741510667641
-0.84494794362455194481
-0.84494794362455194481
-0.79224752601806591734
-0.57317129782083209300
-0.34698076050122472758
-0.98134869941573232843
-0.80455112005796036723
-0.44840440198239306380
0.19986720415757208702
0.46992093951903157745
-0.00383500103086170663
-0.03049260984663682006
-0.09813714171673210140
0.00810592947905053318
0.40076662572136290130
0.85593922615793327502
-0.04448960071638841107
0.28080350383222096866
0.31566976840406008042
0.79982686382710155293
0.93274161426012314191
0.15839158541447850848
-0.18868133970009393074
-0.14845900267756662050
-0.26051008783304774319
0.43276827499864833904
0.48725523752498045571
1.10154362097454261438
1.25786907936346969983
0.65712996975384951881
0.74140544968722488228
0.51810371620492101652
0.93350183448451506951
0.91070578662245649237
1.08091291230214281427
0.59818216347982122727
-0.20666953232450074873
0.58692604097860057166
0.97985170920372399728
1.15856803029708776975
0.44936215153399794442
0.45323174980153713154
0.56601816302445462359
0.96153371546488719535
0.49144906363982954201
-0.13897630508941599681
-0.50042129354571218691
-0.55159513654727432286
-0.73577924921912274403
-0.08199053471069506216
-0.40465923627124295026
0.03794607871116262299
0.06711301187384388633
-0.25263301923528147519
0.36219186189686336519
0.22195330575199323508
-0.11640392319131986909
0.00179308210582918015
-0.55684745128119872426
-0.46946417981268262487
-0.83994351855476712121
-0.31952220938146380647
0.03432912637215368434
0.42352822256438649173
1.23658643068586604485
1.11006438178478772372
0.71086161011404258581
0.83790614029294918641
0.95937129480734806286
1.29173383130306840272
0.75511701021115906762
0.38134331576588537116
-0.44518699960093521817
-0.03169008648567550601
0.01276394050231199895
0.10705395769656173011
0.43799142303782861996
0.63301216118643444108
0.26319223468340391392
0.30154951536168606019
0.02893652721724132570
0.08100293859885965286
0.26214984676900598970
0.96281432870906336063
1.15709646379439723418
1.14070448146234282305
0.43446082176382505580
0.10308359149055540405
0.76952862775396768669
1.19280347004197517791
0.84274685072840327393
0.47670345309968087388
0.70868936051087705330
0.70868936051087705330
0.60263657481532195703
0.64763002570142313985
0.22541603433220275265
0.41296127341359717411
0.74099396972031783548
0.59738601562445126092
1.17973486598568522155
1.03725680035411027546
1.09625003794033348825
0.18907683561047189391
0.48614628961595801604
0.97650321618490809605
0.73900074825575412518
0.79176584691356943768
0.74689828662522783631
1.29950724765635228231
1.29950724765635228231
0.45028880003387306008
0.22667797036779741005
0.56721238608807689197
0.15100364976143426654
0.17162913906929305741
-0.43634801774115877793
0.17203460804746967261
0.40273308982268390954
0.20557003966791831395
0.26446111698842467153
-0.40930295149297785118
-0.21655440340589660053
0.27884301276823464377
0.04480612629316849116
0.09647893770433724203
-0.24341210920522737826
0.22840886899661505538
0.64588691091438898972
0.27915204818320843438
0.35184920013502490876
0.52500283928820823398
0.91705383216824853942
1.59290678640497063157
1.75073952169657465205
1.21852035458130569801
0.94774442629317756648
0.59442752767094564348
0.47862637810344910161
0.67898482954082106655
0.70954136583466875798
0.06605906415081336247
-0.11132247425211916347
-0.42896343554787708108
-0.61836700729018612144
-0.53102197336546441697
-0.22463392243936586290
-0.01750967140193759874
0.23275909443979825308
0.24390576092707971778
0.07164663964493289683
0.99508839612597765889
1.09954200456828687926
0.50182071211832390834
0.05405439648500165450
-0.28276602843905362938
0.44549965227278642832
0.65296873899780394357
0.65296873899780394357
0.65013322590390609790
-0.00113148056023587573
0.03048766312677542167
0.12955120584440715792
0.11921442910992052777
0.52010657476265997889
0.99072953592553947288
0.71859015511282964273
0.37446414417329204616
0.53418242723409892214
0.11100162617442965729
0.00139968702634546416
-0.40650930018467562599
-0.64677822410444885115
-0.25343575247257987826
-0.27380910388837292890
-0.23815877467308371740
0.24728024855594854525
-0.14168250660490600001
0.25812846713612014327
0.18153760497529641826
0.21635581842453721624
0.23082087292839575943
0.19970980621860578985
0.03820392817174961264
-0.29636060972528793789
-0.26797198982349457186
-0.05904158812903176345
0.07984979128457825315
0.34604595058878923064
0.50433519366398926742
0.20620734719848371475
-0.06888247866597368985
-0.15064325586457183448
0.22417985961035591380
0.27744816047020409711
0.27738294297707177805
0.53792975309208257428
0.42693410833688882899
0.22700083429319595218
0.23635781218127949188
0.48239080094843445057
0.61493189545112048044
1.20474237143282669749
0.65701785504678889005
1.06110344108245291395
0.81852042410453595966
1.17392466434925824004
1.18467609988743083349
1.69592213872630059868
1.71182822189844419114
1.52551866603340702255
1.31474584728234522579
1.32061968036955956762
1.29800120172928878937
1.54465938943654990112
1.29374991813383322103
1.45023577425174021727
1.22541746856896827111
1.29252510624589445065
1.20082095111758313521
1.65116559185607436611
1.53135909956477345162
1.45784693791430575160
1.15658796958466236759
1.65126579238626236545
1.79516121945118367620
1.35612087969487360439
1.35612087969487360439
1.15809359082863161383
0.40722100967877389310
0.18974386630102041407
0.44587047465418760961
-0.22164958958591041149
-0.45290524114524444155
-0.10289039746992967306
-0.69840526706465033691
-1.37213518953516122600
-1.46227001071082174377
-0.93572017198229440194
-0.53760533246100417060
-0.62073077243787022628
-0.56373572073119704307
-0.25695931061960936015
-0.11773359478345990503
-0.21637865235860614943
-0.26443514170331866575
-0.41943392852295124928
-0.66044953938594752607
-0.31165404283053188550
0.20113789648801694288
-0.35905543382235816097
0.01324388036189549922
0.00977415685065519124
-0.11289833118808600965
0.01021669758959298235
-0.81739251539921253809
-0.69560578637551995218
-0.39936878783599166765
-1.01214951929270968733
-0.22081315713972693437
-0.77578745818500982612
-0.49767609848532867733
0.11218112852060069251
0.24048448784299186753
0.00120488274898389314
0.23462430026131664285
-0.44158302407785676724
-0.97390167879588263045
-0.79962895475310913351
-0.85936619148560378090
-0.77474202670843661522
-0.79652157928632871808
-0.91341597000761920455
-1.22691383339786819207
-1.52993742331394089184
-1.39118797815926020789
-0.96501961954171955327
-0.37285237264486814635
-0.67608216203566950941
-0.79136074697196723271
-0.09093783613803896326
-0.29220880581634722795
-0.35770977351708055370
-0.11704335832830869979
-0.06689030819893554414
-0.53292783653965780655
-1.00102086388553734864
-0.43945367724609474269
0.09003089675215369958
0.74067670537190144486
0.30945541514523827731
-0.46853435177753638419
-0.62729021214288427366
-1.16792741309289449525
-0.72550148573960449028
-0.89418401308087092083
-1.11351090022992127437
-1.15247754620038067586
-1.15526061419177117351
-0.92900391385378733311
-0.60392103465456792311
0.03554827861280340784
0.59585765683830382855
-0.07828469997192244456
0.18848521364316361826
0.14286445227584787521
0.28671940010353669237
0.19912900458980542506
0.26721681434065663874
-0.05835142757667050040
-0.40976761277288775709
-0.18255533775433907540
-0.10777898766462867819
-0.47384283317897823995
-0.89756952896601249758
-0.59380124816382573449
-0.12796607433258122555
-0.91536976113700041502
-0.66114287854225717300
-0.66114287854225717300
-0.15185996943705915019
0.02474761708860445664
-0.34068096538106223958
-0.68625281643413815758
0.02959992737956129716
0.13278823375365866877
0.29691215036292917251
-0.14654789359613895616
0.56030324639766426742
0.58106966157493422642
0.50880608731359322494
0.35444869164118747440
0.70805458152110245518
1.32469074955428345319
1.22951511118072609463
1.12927132315433942367
1.04576356687851257377
0.82713045195076939642
0.18049735933565247414
0.31072708024211392885
0.52191593871540964411
1.05193879201632700671
1.63205359975437147568
1.96255749299309845135
1.49481384316217624786
0.59399518514703575356
1.06714108892117520710
0.37483130343017534436
1.03734318750786580487
1.60149800921859886138
1.50856895791765532877
1.37064683990117286427
0.75215710850998429571
1.19783416935141673321
1.24251261388068501290
1.23937285632797000723
1.07199236590973479011
1.24523340433148144157
1.24523340433148144157
1.24333213374173623400
0.71461571320640437932
1.14132302447283562330
0.79359721382781511778
0.76098922722087447568
0.37518928054495925828
0.01489151200041494150
0.26696373325165312362
0.55381536625968785792
0.20299204192263414770
-0.41764253886306995645
-0.54878089113570083235
-0.20169688817192876762
-0.05200287236459905094
0.51887797774694544017
0.23495408857006083725
0.31394720837191791851
0.15054832452467803439
0.09758658804818137744
0.81993426467288732518
0.73759504628255523340
0.85906483878337791538
0.92327665720287355189
1.06661963838460649434
1.45369573470842627927
0.99847892043109731652
1.10436211927065519589
0.71999219535849423579
0.40394013184306021280
-0.37957123521695634860
-0.90467129899406595328
-0.02923538374213485724
0.35924729698302365621
0.90489188786823648858
1.14501533943461764053
1.25181459344542123091
1.68531703748056305159
1.50536318426269977166
1.94086990828666161590
1.45386383633774673996
1.65760828259289438869
1.64308512473622370109
1.61935928911871962477
1.93750677906791768379
1.88943266490913330813
1.76735688688575809380
1.27865001339402262204
1.01252514497028656137
1.26999724994878837592
1.51179098873948003501
0.84482585864366055439
1.10288358717359513683
0.71883915118818819678
0.67493504014561411797
0.70391591461557467824
1.18817724901632049139
0.48166956169608265981
0.60996608953455522251
0.25018962973271718919
0.79365223846102483929
0.69451629006979587189
0.83361057719849307457
0.72590357913910341647
0.28473303922672199562
-0.33194207299125710886
-0.82177602654405923488
-0.29781762314858972740
-1.07512875533436136344
-1.82797249235584269300
-1.82797249235584269300
-1.56758961736578239510
-1.10981750470112183748
-1.40745912860495225871
-0.95719429615754592078
-1.18347238012751443392
-1.61495178174923958991
-0.71649233704269743583
-0.24995152547487831107
-0.00844152621386884405
0.38228153245629570289
0.44441504308227902653
1.23823987587272865696
1.31834460413937426537
1.11444935790004429066
1.36047812731027306654
0.78296084808323374027
0.41606289982612187917
-0.23935187456168044440
-1.04883638888077834750
-0.95780412175590556867
-1.52476638975775369289
-1.72500055759446935255
-1.77470644762493257041
-1.77470644762493257041
-0.87929099350203543395
-0.57559267155621074430
-0.77974593722249874173
-0.80881528547444381250
-1.66252949818155437711
-1.83669756950656970496
-1.42240386382788797093
-1.33305019993942908130
-0.74733339890248029480
-0.21521787076034681885
-0.02805329022372959891
-0.13542904617983536619
-0.32883707030156689166
-0.57684503382856455733
-1.06450530703389523168
-1.32138007568259929769
-1.40814359970770208719
-0.72542208513497652422
-0.26135294756915272707
-1.01640556380916824430
-1.23118613764233408858
-1.51049229177203780949
-1.86052627272928594593
-1.89451551595447553744
-2.02541465429841460733
-2.48333813435553674154
-2.63660894922754396319
-3.11298406385490089576
-3.48886383347626161111
-3.67387519202841339450
-3.06064598451398683920
-2.69924483317846775066
-2.17907520322086201148
-2.17907520322086201148
-1.76246505452434898409
-2.57279175779446678263
-2.53781688704053820516
-2.05761029853374299847
-2.02895676485679965495
-2.27601348947548087764
-1.93174388559150767009
-2.18005311497489673300
-2.34507140859266405286
-2.01233182894640316718
-1.38751653134241648146
-1.01796508395018392434
-1.31240486740712403169
-0.93589990652906807078
-0.92040304253828031378
-0.44967673111226358351
0.00846796762592427754
0.06537945059378502677
-0.07252463841462819527
-0.47951929572947388225
-0.24271734838500597098
0.19981019254764914583
0.75547108974096788270
0.02847431973948716388
-0.69957061470466319619
-0.35341353311828127559
-0.55997583482413448852
-0.27932268091445999758
-0.25749141804757214036
-0.32672832246251870547
-0.90305591067441626230
-0.77825478104793299750
-1.27089010959998316430
-1.53560828791726833309
-1.53529776518014227094
-1.96386998051957761824
-1.92162117172108182217
-2.03045101581628095744
-2.03045101581628095744
-2.21329749315665047504
-2.25351494073565916665
-1.91701487215096921801
-1.17552508468531424768
-1.43640747127887324908
-1.43640747127887324908
-1.41154352967233687188
-1.22548220875928404183
-1.06739496163437030951
-1.18783900616124338256
-1.44225133137882388645
-1.26658681000889705714
-1.30441127731670336587
-1.11417805036258910079
-1.44983694304238985850
-1.24516875773909108105
-0.74258994299107827786
-0.05546665194233391105
0.27481082001459233854
-0.44549886763352036789
-1.01954375394598883986
-0.45214418622299412664
-0.11400505952258022102
0.30802123169788087065
0.42513191114418635852
0.10487928991433070891
0.24285268841444052068
0.11936951154813491005
-0.82706683540114633857
-0.14860460774442507681
-0.08712383130897127792
-0.21651646225551091085
-0.36535707924764582177
-0.85838991862646873976
-1.27064620972175545965
-1.27705678612788164905
-1.21048970181052206740
-1.17726456452033811928
-0.72159737452007810532
0.06441336430814625924
-0.23440943506286099351
-0.09956785691882030775
-0.33366090843158929813
-0.69583789501145498768
-0.66532043701285625836
-0.66973449856496269916
-0.13764509588370443804
-0.41465845281009605650
-0.07373411258390949463
-0.24137847416167190762
0.15970383778200547553
-0.05766063605326365860
-0.41848648452129627584
-0.01472158171922149927
-0.24271600332237702746
-0.28765480652808078643
0.04491704425072051698
0.08177443597548272880
0.25478285562935309994
-0.45985970574424694934
-0.04700442545442229392
0.63403217291181424020
1.14287797368265486853
1.35853161167284897104
1.47740014781122930287
1.30291008590856005611
0.90020217043356964837
0.49063947447139638625
0.27265799896449582906
0.28443569004742119688
-0.13674812630598920382
0.59457403169692113476
0.29680335069857594066
-0.17100531243300409745
-0.30176762319252342648
-0.44492134426018381532
-0.25913449156057855038
0.59613310433744037820
0.47828202390963214796
-0.21803585776036504829
-0.14551173134032346912
0.72236607839463462533
0.74289499746770260025
0.86311395110707345157
0.42013119134126647447
0.05630834077312896202
-0.01921475679577189233
0.01257753512476356139
0.27675961948780225530
-0.24214379081602482868
-0.34810490619768713616
-0.62238095473609078567
-0.64884055575767662916
-1.08943220604650425898
-0.93063066849980191630
-1.23568456211857835569
-1.10848189569473487559
-1.33387060339277319088
-1.30754124527217086005
-1.30754124527217086005
-1.42527169241815565570
-1.49795408174300437310
-0.98320464067310453515
-1.39948248160047716837
-0.94800027992949043032
-0.72762498502974770620
-0.80955066965406463630
-0.14583147207546720558
0.16002620135435047244
0.12202654016298403183
0.42170503010121268561
0.77440706164315531446
0.88968794368658443705
0.48354508750305602582
0.04148207001456943877
0.04177449319594139787
0.30270564151122353325
-0.02875296959129908236
-0.62837825186009577116
-0.38698259898786691036
-0.02285206318965871120
0.00352401379659827985
-0.14066365647160750108
0.15740668641282423712
-0.51366756368133725807
-0.32296919232372756081
-0.16598383275139461102
-0.39577781730134997673
0.09317170669937924199
-0.47398902474622789383
-0.62765456648900053160
-1.14843249816840309308
-1.48221648902735658737
-1.51526298048685581499
-1.92201848254633200774
-2.22847035887114408581
-2.33143060390438616736
-2.17907594106117263877
-2.47600613277219672170
-2.73495814797233860460
-2.25653369806545622822
-2.43801832848136346144
-1.93371518116151785982
-1.44675319080555597751
-1.58364445207810322636
-0.70801037839055636081
-0.52512290679157003215
-0.52137625288282429814
-0.47525738038833209576
-0.57190356826032762161
0.27328102559469602539
0.09925418980384825840
0.16328350019794041215
0.95022287473558497695
0.82616714217055831071
0.85696561604596843686
0.06054578235398228037
0.38757333596589577107
0.66260844220528680726
0.76856475312661509669
1.16008068512197537459
1.37341398693314387103
1.28079327884167026852
1.35517491719460725363
1.38907663239588741177
1.57189640778670791654
1.16509455496682479136
1.25583182287208305894
1.09942062390009853701
1.13261371391481380222
0.29694759254201619214
0.31633410407990825153
0.31633410407990825153
0.11739392979880464152
0.12525055446906463441
0.52971856297446306971
0.17661110622650488811
0.21805477129204853259
-0.21559848436880818534
-0.32097383533649825882
-0.45823034688748010002
-0.17554343197287258782
0.16602096039150837647
0.43077935577872128459
0.01727430593095402589
0.76752100850805637933
0.80411772746784460075
0.59860067469933986306
1.16384606350392338925
1.00391712784949493908
1.24003283271567510404
0.97014517289127399913
1.19097035713073284846
1.03800358531903569315
0.31488824696973283235
0.16633724149611578413
0.25092196033844743619
0.10602452727315153647
0.03674032796953746738
0.20696819187466358736
0.66141275789654385697
0.69227622598049898262
0.81208571992445910404
0.80552070183005120008
0.96285427755809027683
0.86859790229638844661
0.86957053461557642926
0.71373471441386848735
0.48079088329374258803
1.05495962619546679306
0.65789115063747816148
0.25038443726970932568
0.95615358718491705314
1.02925222158862772481
0.99851067992789155348
1.57335062002453440755
1.30525440247974011676
1.83167506630144671931
1.56194208146163249218
1.24203175224458295389
1.17724515738768609197
1.87801274325605938031
1.20663446057896672770
1.03411129374714039209
0.84329061109725755863
1.47394763141588547306
1.31244255710041146656
1.53561095545795200934
1.75500364334089731244
1.85546591382262437975
1.43219812863142936799
1.00711902743536807492
0.97019594626975869112
0.89555680933201409211
1.35463508235040697159
1.74924889195209654069
1.87245701224191773981
2.02687362303345963710
2.19835467180160426537
1.83722336140331843346
1.71341778953253065509
1.90448337765619180040
1.60237936657032764565
1.79066426204082640439
1.97100558130582959038
1.92728779182177278884
1.48351998416870722863
1.11004294250628010587
1.10982430708120682894
1.33324121443239929086
1.27844141064139060759
0.62484175601268177047
0.51626844029699758831
0.88200651895348192166
0.93027814753832116512
0.85138908068248397853
1.37876278738433533100
0.97997027681207660166
1.10608167997844497599
1.04930891564549266803
1.02996450477743639595
0.22605526923483859614
0.14575891482911862429
0.52566499892885942824
0.55695555082380476808
0.38313173683505963307
-0.15727943911090558338
-0.15679035343080405251
0.22999825804959805886
-0.19233398148433122898
-0.27538056381763081903
-0.76131565438644854815
-0.78797666951454181650
-0.41059981026249092739
0.04014432874514828331
-0.35920082305520906196
0.03788369127450597063
-0.12443166348358308815
-0.66803354032711836918
-0.75783101714115241876
-0.34350016845553266176
-0.32431417369484705215
0.28714736075473290544
0.63285421539696518067
0.77728836390994793248
0.50697464985166340590
0.33816629454408048128
0.32678401741515017420
0.29012090796144635041
0.20175803811371145757
-0.10645715920555365308
-0.28107847356287785079
-0.57642091115770066612
0.11107307747521955044
-0.11549972119531670689
-0.17837493106647245300
-0.31022574278070952358
-0.12724629911931611970
0.16454038893083972050
0.13741530321418005123
0.32778089764890216973
0.87950028962432336144
1.14096068271480444167
0.69531321278554925058
0.30714799897146699559
0.60101572265895741864
0.14428876766203307946
0.41866207375128783319
0.24736989720136320914
0.62983160797964332644
0.70074167903547190939
0.74569201620560621180
0.88823209907311495570
0.64345747192551172589
0.34646967791322058616
0.42024041638720721625
0.17188498199539414824
-0.13546308788259736611
0.08669107178537616143
0.57813852330583004324
0.26477979997395456602
0.76144660043597456323
-0.00603070925270776659
0.55730754558802864107
0.58044355948476211715
0.82423791374277144417
0.92306358875849370271
0.60860286541683650263
0.64103446744430470083
0.68888056403439446029
-0.20169572448436973167
0.32333513131520413841
0.25590260897572203458
-0.00124388514144602169
0.13333865633855435107
0.16564464111143861746
-0.39238758030924447695
-0.83162573810276918529
-0.60317041706441532067
-0.68725432999769964226
-0.51328453538626717112
-0.61735797818627191624
-0.57483888234702895659
-1.06743858641359978812
-1.32051481205062781754
-1.26450276363850777628
-1.25738402258483028540
-1.25738402258483028540
-0.82906633677383334557
-0.36554680711848130947
-1.25910231366711866663
-1.22022111374895203539
-1.32938517924835286621
-1.11762575205304992565
-1.33242608319615363222
-1.77978569841002443042
-2.06999052156228202648
-1.95770762649258101007
-1.90652223183145941299
-0.92587882533012011432
-0.52769896668740612355
-0.48697505005960228797
-0.91610712344577049926
-0.66008984607648679699
-0.70284547829201815539
-0.84265747426201587089
-1.13581538998327125078
-0.61920351657048156024
-0.63272046024572248246
-0.49239145428519415226
-0.16811253603925702116
-0.02544668318026199749
-0.31442509419956604644
-0.29813055894250661826
-0.71961159618553427464
-0.94813251050567948219
-0.34929706195802401325
-0.46109500851533252730
-0.24848930525988877083
-0.36608962894701019275
-0.57310065071708660156
-0.49078925977963561156
-0.35955242852659652364
0.11606584238636474815
0.41660318380063443566
0.62829660816504362408
0.16458492850166872579
0.21004651100842480771
0.06941822616821902159
-0.10662780730362519943
0.01656864002187097284
0.14092704637019176639
0.08525438401161317126
0.49428197275580820769
0.33127957062389568055
-0.07407740157753223142
-0.29298508134344014575
-0.35879258944596864600
-0.00210663327114152255
-0.07400460428279226344
0.02149998001824010574
0.55593073882904286975
0.52459132486236692561
0.29119979464039080774
0.63464088534686635690
1.04586839678039122958
1.27725235665088998616
1.05637273753824212363
1.73084592713548079956
1.39998142393304947362
1.04283862702680618639
0.66723126693034062740
1.29866552343529817470
1.10294489986400257031
1.54691855402054123658
0.76134955452817865140
0.94635165410412014353
0.85915769117845042224
0.37151796993404462288
-0.27199170099198499706
-0.21952351751715176720
-0.09205970544929664712
-0.19136505629465283551
0.49370321002495565210
-0.13717015792483994163
-0.35719174349549825953
-0.32831690871544089161
-0.56580775699848728788
-0.95972314777771217109
-1.05422967232495112810
-1.34686861040390537525
-1.35510072803828007793
-0.92146374188431756647
-1.04838103570434348910
-0.98342454898330633473
-0.18265807357740537764
0.52365363273939713462
-0.22759934152830396670
-0.68269656630358532823
-1.03865038768325512741
-0.66075001664494659170
-0.68613911498623880725
-0.77443335567341831105
-0.71082285312508386443
-0.92606233941673432586
-0.22095412678129722206
-0.08192635424524863375
0.31230269992365611298
-0.06998281510080361922
-0.07698881955677144839
0.18115077315883254538
0.66357579439113634212
0.65979392112223134159
0.93291430544709508244
0.56137605084170383307
0.98364183585329045822
1.28948221648553462693
1.55190714637372018103
1.02606620990022356921
0.58326763291064054329
1.01482129283939537245
0.82959268839545186047
1.28060218588477070512
1.09243801775967575018
1.17111490837815868105
0.94799045354499922311
0.38874128967930582368
-0.02830610332466054757
-0.07245509748927131399
-0.06025418548856631418
-0.19712215857446330203
-0.25659851136459005394
-0.87041951290817021203
-1.04122013740298391404
-1.76317025849743336252
-1.76317025849743336252
-1.82214689921687722496
-1.69202906647325956868
-1.57780357430586803957
-1.93221722866046152767
-1.80353543642141689318
-2.02026879252878455162
-1.78965190625267700497
-0.93330912405313459779
-1.13017000776257869887
-0.81011119080246984936
-1.18032051421716865924
-1.02844197397513426040
-0.65767766519341519516
-0.35539329650597339949
-0.52507135412891936532
-0.72939911588532813091
-0.73930791543764429186
-0.73835715476346996944
-0.48798219626209793365
-0.35527247835661868169
-0.18729782625441337984
0.26014471252455595440
-0.10625426476181221158
-0.39560905210469338167
0.02494676505445819759
-0.16071222404051205279
-0.46243095046953802685
-0.29080364866685287639
0.16343320913772718672
0.02825565916870520500
-0.29843323924505771316
-0.02173147258429392048
-0.30872188662584953978
-0.44418830608212772626
-0.31480965661574600301
-0.75274926202965397604
-0.50477873627318936567
-0.72345032227386263379
-1.07807038029565949167
-0.78410702235256635184
-1.01964324946498630098
-1.08581171817416843872
-0.87348276138002156621
-1.15039783234260850620
-0.89136425447248091025
-1.40920669790786057263
-1.47350599080021749110
-1.06174736961803706237
-1.27103077935568542500
-1.37368012539748085565
-1.01448711311187889095
-1.02564919671306764570
-0.67060552103007420310
-1.03146821727578852368
-0.85448494081128567590
-0.86301626631199157558
-0.05091663405807489440
0.06787805914314409828
-0.05846929366629038949
-0.01581678982629253216
-0.05470002049333372307
-0.28264306615229795039
-0.36256860981814920120
-0.34183536695401861571
-0.28018518853009877212
-0.50044070277383545520
-0.35837079787550962795
0.28081706784703663882
0.36581330903145203859
-0.05857903489776811190
0.29666591612466913785
0.38394792558809204275
-0.11634344170631044646
-0.32776237550553016797
-0.41953186780192480709
-0.57950643127761125584
-0.27590101341526040990
-0.55196850609591596726
-0.00975964521512351357
0.38169626047913762790
-0.20324279493803271146
-1.10763304429484188418
-0.55542718854519856908
-0.54729719974440382835
-1.02662343533086741765
-0.33912729534279884014
-0.22859044290547736455
-0.25909475295762274261
-0.51367571042556092742
0.15356714984102526333
0.02481834964119772335
0.11992767272513737975
0.14818849002392453507
0.22976149373211063320
0.29923232495749041426
-0.25849092367966208794
-0.23273848822933523861
-0.87168791534923362185
-0.60196659206504288253
-0.14890959889111543557
0.16305049027458340394
0.34776421303291094045
0.29495876040074942015
0.16083452834786621244
0.88923055789863270082
1.12480323488116429331
1.14599475969839614820
0.88222565123915019925
0.92423812482703404658
1.21941594044650725159
1.41631496414370605663
1.90705101723179737405
1.72195344894284074755
1.11656645248484176491
1.18032484859243247399
0.95919713911563009301
0.95745760503106625006
0.95745760503106625006
1.26004113804550899047
0.63670619350704660278
0.64002717106604356534
0.59138458226406231955
0.27856589191526454075
-0.17202318071947575451
0.15588409484172438546
0.01895512850906477809
-0.43647025243214798707
-0.02223266778617744022
-0.72977649757162499355
-0.60146446856738267073
-0.26844186231887046112
0.46887798093672750088
0.37191260739784343103
0.37191260739784343103
0.40525938193558680434
0.26741957839923885532
0.09293834799571809580
0.40280486219693190098
0.13419868034971804693
0.75355505861973148818
0.98019723756247978397
1.44829873971096168006
1.55929000631873027061
0.96748221501125131194
0.46229323184224463406
0.34532334205942383232
0.35306033089433808136
0.28137721506942858785
0.94219941829433628833
0.60043734153753014482
-0.12090403405991584362
0.27267613507466192946
0.66902239558707088385
0.73399189614411053384
0.84751656830660815345
0.64364084258845100095
0.93090610249475846949
0.25466566358444531204
0.05031243853751199424
0.37757394620104389737
0.51807264891363313808
0.42939486165037116239
0.10627921372944432177
0.05080599060785284671
-0.45916817731185283202
-0.72710073260921104232
-0.31779240645365453011
-0.12712337385263466905
0.43812276373529918105
0.75852695375612322337
0.98568937833685854599
0.81728210850492211126
0.97500966627849716684
0.97500966627849716684
1.23208979853991884568
0.95284734780567115209
1.03606673541295668528
1.12958205800018385290
1.16992512795605030362
1.40798669862932857022
1.75134192907779584480
1.54265039369587353413
1.38019413029784066005
1.23296680847786688240
1.50522695179340759708
2.20909973988733243644
2.27073680808336320069
2.58199128139856792785
2.49440651549697234302
2.75122109439746509452
2.12758193194287903438
1.31013858914847403092
0.93413457597332738569
0.14600357326958485205
-0.24734725116162908920
-0.59269591634752993858
-0.27121790487841623829
-0.25360294280275857970
-0.81727519646160096123
-0.52430257900818388883
0.01032354333918694689
0.20258623720267127100
0.41570963636772201300
0.27760799335204411342
0.64342467842783035437
0.50535398465830527748
-0.24951409373875460540
-0.06076243755443161421
-0.31501047607278964691
-0.35792377514668005656
-0.27484380559755688944
-0.13269028655844311571
-0.28449473892547899601
-0.68103042998399154762
-0.63955666084753204359
-1.25803668087256936836
-1.08951613474149100469
-1.17616595359340614380
-1.22599236305150816051
-0.67988887600595571126
-0.57960597312990880248
-0.75548642676113497707
-0.71715727155895803158
-0.77963012074103155147
-0.30673207822569314995
0.10788871492626517234
0.64464722929738771384
-0.03321639962178513095
-0.21486763642861889112
0.09295008568696189188
-0.28949577607656662437
0.02754295804889050903
-0.66035928794199594272
-0.34964948187100242105
-0.02252262086725009826
0.12224287359148378052
-0.36026342835289604238
0.07191884986679930591
-0.55561088889632892496
-0.75874751934723350111
-0.30147269638323814789
-0.08697855453331881925
0.46107712479358409219
0.22947722567686690276
-0.08681360426676154596
0.27076714149246328134
0.49210365139511591526
0.52849590849526983938
0.08313245050754991539
0.06640523488931610041
0.46562085881159692713
0.56476367756946188603
0.36131244542138302167
0.75498267624293591282
0.58979954318599769891
0.55373667928098568858
0.54982207065905563947
0.37585908122167899226
0.93805364679454550370
1.21671141438033059146
1.21671141438033059146
0.62401552085020395300
0.57866640974705430001
0.52921967396010649587
0.54136152264725512229
0.83834982795564005897
1.16854877964060221984
1.62468041485393444034
1.52163864789606950723
1.54855451758417994590
1.30026008132857295863
0.55031978201601661205
-0.10421791793974938267
0.02765217494575883395
-0.64490425174352905557
-0.16024302698683123847
-0.06077368350735556923
0.08494305311932387470
0.12186050071467680045
-0.23292344982406276710
0.48492663865207086271
0.85929537674379330436
1.01621153602200164912
1.15391554108537519596
1.15391554108537519596
1.56817300714001683914
1.41270015384661995483
1.49780849646674907305
1.14203018212785534224
1.39034311328564963439
0.73752593772370689251
0.55959238440710745710
0.99462391598831156880
1.08734645884826197637
1.04728358916346198093
1.40948943393746883856
1.27223331517178306349
1.11432948876839610364
0.72949332382040765754
1.28082956270353420791
1.03835020751615569878
0.63516698364874712990
0.80990363252810415595
0.29391094287573915622
0.75218002975554254519
1.15763506533467963600
1.10782557148850835382
1.23678063635564505773
1.23381486755507818742
0.77767604648958765790
1.07419694404778920394
1.53807945341713758758
1.24882082606145283776
0.28582642520117940155
0.16179762275973297303
0.00174377765587779843
0.38428814517533854689
0.89872790658787338192
0.46012291240511676849
