0.15863894748438256421
0.48070748568545601520
0.04572581478661352783
0.29093894678677534316
0.75970092707299841095
0.88730852137660232160
1.76459941769233097375
-0.41661486212006376695
-1.17021312642386643432
-0.54861421256727105344
0.16101831810596478611
-1.29518677587396635609
-0.06911969001829471049
-0.11741116788117589298
-1.04158117298110330928
-1.38536417781625020851
-2.12928221357487101884
-2.29828996620992542788
-1.56451064304658582493
-1.14408441523280046681
-0.27130473441039237859
0.73813145199703789068
1.38154612802041265596
0.15530178004657213542
-0.62555908976381391362
0.33206979782882828367
0.95964416533692209477
2.17566372928007822907
2.34797028910739946639
2.32262306791852468635
1.99410222260938208017
1.10234687388983920719
0.59168616477012969668
-0.02775688540551607408
-0.04561945914552456571
0.05011913299100501096
0.64018476621256503734
0.82023325367841626310
0.01410848601446945683
-0.21212865980906747687
-0.99284576251769629529
0.52703738306976810613
1.07816086200911698256
0.84117449766079732676
1.31817880893041428081
0.55441806724035147536
0.54108766258744933619
1.66163602362463125317
1.10608651773356259085
2.63337966549833391028
2.07836584145127245549
0.87693607917844285105
1.56269703668667903074
1.08222305033459598178
2.18967220452133304320
1.66651280627889342156
2.61485162056742881376
2.18759242547098331499
0.66127298174485371618
0.92457208266694801413
0.47393046574384611880
0.99636927200312375152
1.82882755218484938098
1.70645827390554449821
0.64430468722447209462
0.78673473200143251294
1.28249818751704958153
1.37082863034253588097
1.30837156870792403751
2.11867443384541154217
1.19176092589821913670
1.11179070692127379694
0.14719858749173764245
1.01996400510890827817
1.29921054295227711428
0.17224848883797183596
0.22959164284616639939
0.47468768198727373520
-0.31082709241230993547
0.62867932330290143828
1.11625229037192585935
0.97269741304810319882
0.71469194894409637797
0.76423594298038732830
0.67958942855689463691
0.71550949021033738440
-0.26277959289158375755
-0.14518480265754185599
-1.47332594309622377793
0.05731695660265356818
0.59070493774056054281
0.66405059148746425901
2.13352677115869449054
1.12180893152105487509
0.06020216157669677770
0.28065413878330125463
0.26759786054846157466
-0.04790538085992346318
0.36373400751675555309
0.49359281058125220598
0.24715979269108134808
1.22859769581286482065
0.07416752473179938354
1.28593361088351421095
0.94015359223827776880
1.86064276511811232950
1.20453868117395179738
1.67979959500013253937
-0.38688183011807242284
0.33154197401904933473
0.01664834167652529118
-0.13162001368199161000
0.83616045621976586855
1.19558346699717921169
0.54309452932472401798
1.23767557984110077030
0.43839329222142675579
-0.22992032288104025106
0.57131894168971342207
0.91435791175550062970
0.90192325082697399896
0.71013479969005144365
0.71493695127542278289
0.71757860678135643173
-0.80743476716216133759
-0.00985780521754719974
0.38435245160216402471
0.15236610134708350461
-0.07842678813190201437
0.08193872826264492204
-2.19976139450434349243
-1.90541838291353204937
-0.46677350577282172850
0.12356095324436477956
0.53340655077873322387
0.08522327178401306602
0.59438344724215008696
0.49316715122813925554
1.06589355113259443009
0.56712630114850193230
1.12691345281289811986
0.64222641761518595160
0.40498151742154092636
0.00889389357012621007
0.38901869970793973019
-1.15981892410657128067
-1.49243448977006143430
-0.79202845147439482343
-1.08500038999365466807
-0.81349222469771642618
-1.34497813733526205837
-1.58506904942219328802
-0.38692776364596692673
0.08518719141613317891
0.15154108970963658942
-0.11965177306888963304
-0.59121227897294237330
-0.80171353733246653039
-1.34445641881062294409
-0.04449670158535817821
-0.33150716909743044303
-1.49633894115515753143
-1.38890228392039327687
-1.55765673800262272053
-1.22425278938573267595
-0.41084007798267346834
0.11608722485419886716
1.10653833444534899222
0.58698017713007688556
0.26272626256697340086
-1.17873824791923853539
-1.12844293360991398956
-0.00751597294933759041
-0.57231856164164629508
-0.86647728987339611706
-0.27026676632010560031
-0.71355211209205426925
0.00582163548368241912
-0.05181361085353908269
-0.75035933882480310153
-0.77119233378730200901
-0.47842309669517890658
-0.59242365606707514392
-2.68533485112028724728
-1.69869499802528522991
-2.23905112791762173075
-0.49127117497439931615
-0.69605707176777298351
-0.84381009980282195571
-1.05946846541923767049
-1.18318319701737784122
-1.29962783041392704320
-1.59455352606929401382
-1.24793695157763306902
-2.04885458552690780110
-1.93438597998320283011
-1.01729778643571533436
-0.30499116042861162956
-0.71638349686580748976
0.01298360597015651985
-0.28470062501015963585
-0.39695996879458272932
0.94431255662083424252
-0.92202523859311935617
-0.91469215108765722366
-0.70526059493667336842
-0.93911863604519318915
0.09660020521683754247
-0.33249092443496380822
-0.27222618659596126145
0.30273666270204790951
-0.98850884776958536371
-1.38427019858931554808
-1.29268507021138567836
-0.49907756759742061270
-1.81735292953315696884
-1.50733182113958963377
-1.40460335039747929997
-0.81095247753474397623
0.08721176306121714017
0.06925179626292282675
0.73468343295840821128
1.42345813448702007697
1.90852384474525527125
0.71636369508521924310
0.73353062045459327400
0.14041930699740634569
0.08436369690316108949
-0.25174468744161626610
0.45206469434875423685
0.89671850548904452616
0.61454899032346554932
0.43409774449379262551
0.87210745824133573123
1.08286991044081459812
0.24083541601004071486
0.38934895321231027809
0.77728032613046682542
-1.05968025958150446897
0.85792375652023045163
-0.21077314704226735032
-0.07683375923746710301
0.33069038639343084629
0.30711917896155416230
0.60748760337358898020
1.03805174983016046397
0.18150204801070823901
0.32691693670438692898
0.03342272994733763714
-0.25337090843979570565
-0.50675949175225343257
-0.11764242994489049199
0.51605542936178838698
0.57382051557014923659
-0.41899731914465915272
-0.95586902250343230847
-1.63346161885813678794
-0.99407041910759430525
-0.66527120869851963381
-0.69687668406258884701
1.34929212571554679734
0.68002336829902054749
0.47817959356037170737
0.50149070494877889814
1.16015704728670510093
1.57719419644083780341
2.65854454909383797201
2.57435303743666032972
2.77666794917391346331
2.42882954698467434795
0.75252824404860585439
0.12735674373217059641
0.99144415510420236259
0.36591279477156668509
-0.66088164418976513836
-0.66429618753692576405
-1.15109027905905758615
-0.97948723401850090742
0.60841903188658230661
0.55098840782930846860
-0.01617817185640862965
1.69906530748078266058
1.84281052944381640302
1.36697956401248799096
0.54440122984555028296
0.77414932929638657910
1.33263672275126188183
0.19488612897456314421
0.20561093520634732279
0.42878464675917832283
-0.41092694057660184015
0.32223654134303475471
0.64442375402172569210
-0.37498754303668679899
-0.05912905584979938345
0.21505006179914631925
-0.23965906642361217704
-0.16491265323241544039
0.21750098430435504948
-0.59909365028100436401
