-0.44019898536624457730
-0.72470250992323492767
0.12043067143318636480
-0.54552435807209720409
-0.62737120065250118195
0.08969940552008148771
-0.68052586572269424536
-1.43347453183190820525
-0.64243827999683134067
-1.28471220740336589117
-0.40147059802034518183
1.23609559388649392631
-0.11946314928096851693
-0.05704761904526861604
-0.13190670783254743181
-0.07051910463279220664
-0.21806396391152710335
-1.72367410348899552375
-0.65074509505683097998
-1.30056033018071470764
-0.27977771301743759036
-2.62675830052549263982
0.52709542006584286788
0.11556603601926884739
-0.08137358775426728474
0.50235237740089355718
-0.61988045653323076145
1.13560382050256936104
2.49875116697453991677
2.08045268318636367155
