-0.72111780136876046932
0.08147674360380974257
1.53316599504703576784
-0.78798201321064920144
0.93422368328749061384
0.70322300759293920880
0.26810976689127452577
1.29457800383426779867
0.06230991429756549405
-0.83686280266236057201
-0.89842600976044040273
-0.91615597108200386156
-0.31649302892224018269
0.21739185867709243105
-0.87177009408910821620
0.56989018319634643372
1.71242504693214425693
1.34689027925342164060
-0.24970731849303517969
-0.91222976027626723194
0.30140698994574749436
0.09816260500724854898
-0.90412625991932116243
0.60664361766848262647
-0.28579592438685191835
0.36896372836499974346
-0.76967907313708772143
-0.05568024774812813105
-1.27694526863142732154
-0.99427480296897052803
-0.80289032673598348389
2.29565192120877981097
1.16914249312557716465
-0.09863917021949408781
1.46492754177419137740
-0.62356943503189077305
0.38524072053154279072
1.73861424542898257428
1.51604028046877292724
-0.51280437433757775079
0.72878853079340166765
-0.31576714725968491049
-1.17006871019028269032
-1.78727878783237814631
-1.14331284102207364484
-1.26613019489038025611
0.67078648725094813798
-0.99112876783644043854
0.56886761475766634000
-0.14052184863972372320
-0.40291804536382397339
1.77289666830230530081
-0.70946102366292707053
1.42195757265293032390
0.77264270268968493482
0.27404794505519308734
0.72358397032300403318
-0.62810382672032338824
-2.14475474303810420551
-0.01040728111305411208
